0.000000 -1237.480055
0.000501 -1237.657055
0.001001 -1236.182055
0.001502 -1235.630055
0.002003 -1236.746055
0.002504 -1237.078055
0.003004 -1236.931055
0.003505 -1236.348055
0.004006 -1235.990055
0.004507 -1236.365055
0.005007 -1236.416055
0.005508 -1235.162055
0.006009 -1233.755055
0.006510 -1233.662055
0.007010 -1234.020055
0.007511 -1235.169055
0.008012 -1235.329055
0.008513 -1234.194055
0.009013 -1234.285055
0.009514 -1234.364055
0.010015 -1233.445055
0.010515 -1232.759055
0.011016 -1232.856055
0.011517 -1232.867055
0.012018 -1233.316055
0.012518 -1232.669055
0.013019 -1231.978055
0.013520 -1232.485055
0.014021 -1232.867055
0.014521 -1233.208055
0.015022 -1232.436055
0.015523 -1231.475055
0.016024 -1230.653055
0.016524 -1230.887055
0.017025 -1231.370055
0.017526 -1230.495055
0.018027 -1229.538055
0.018527 -1230.022055
0.019028 -1231.155055
0.019529 -1230.641055
0.020029 -1230.474055
0.020530 -1229.978055
0.021031 -1229.131055
0.021532 -1229.348055
0.022032 -1229.563055
0.022533 -1229.544055
0.023034 -1229.260055
0.023535 -1229.715055
0.024035 -1229.337055
0.024536 -1227.856055
0.025037 -1227.396055
0.025538 -1227.348055
0.026038 -1227.790055
0.026539 -1227.642055
0.027040 -1227.080055
0.027541 -1226.657055
0.028041 -1227.154055
0.028542 -1226.436055
0.029043 -1224.686055
0.029543 -1224.346055
0.030044 -1225.235055
0.030545 -1225.807055
0.031046 -1225.109055
0.031546 -1225.684055
0.032047 -1225.891055
0.032548 -1225.097055
0.033049 -1224.328055
0.033549 -1223.646055
0.034050 -1223.037055
0.034551 -1222.848055
0.035052 -1223.646055
0.035552 -1224.013055
0.036053 -1223.539055
0.036554 -1223.156055
0.037054 -1224.223055
0.037555 -1223.931055
0.038056 -1222.841055
0.038557 -1223.409055
0.039057 -1223.791055
0.039558 -1224.252055
0.040059 -1224.489055
0.040560 -1223.679055
0.041060 -1222.604055
0.041561 -1222.245055
0.042062 -1222.498055
0.042563 -1222.812055
0.043063 -1221.620055
0.043564 -1220.477055
0.044065 -1221.123055
0.044566 -1221.997055
0.045066 -1222.392055
0.045567 -1221.889055
0.046068 -1221.253055
0.046568 -1221.578055
0.047069 -1221.923055
0.047570 -1220.581055
0.048071 -1219.551055
0.048571 -1219.564055
0.049072 -1219.613055
0.049573 -1220.477055
0.050074 -1220.690055
0.050574 -1219.940055
0.051075 -1219.371055
0.051576 -1218.377054
0.052077 -1217.504054
0.052577 -1216.864054
0.053078 -1217.452054
0.053579 -1218.486054
0.054080 -1218.589054
0.054580 -1218.170054
0.055081 -1217.640054
0.055582 -1217.129054
0.056082 -1216.134054
0.056583 -1215.551054
0.057084 -1215.711054
0.057585 -1215.936054
0.058085 -1216.386054
0.058586 -1216.021054
0.059087 -1216.177054
0.059588 -1216.202054
0.060088 -1215.109054
0.060589 -1214.887054
0.061090 -1215.246054
0.061591 -1215.562054
0.062091 -1215.011054
0.062592 -1214.458054
0.063093 -1214.001054
0.063594 -1214.401054
0.064094 -1214.919054
0.064595 -1214.079054
0.065096 -1213.837054
0.065596 -1214.302054
0.066097 -1214.690054
0.066598 -1213.821054
0.067099 -1212.554054
0.067599 -1211.901054
0.068100 -1212.473054
0.068601 -1213.602054
0.069102 -1213.067054
0.069602 -1212.639054
0.070103 -1212.766054
0.070604 -1212.817054
0.071105 -1212.243054
0.071605 -1211.295054
0.072106 -1210.565054
0.072607 -1210.442054
0.073108 -1210.436054
0.073608 -1210.366054
0.074109 -1211.337054
0.074610 -1212.176054
0.075110 -1212.226054
0.075611 -1211.417054
0.076112 -1209.168054
0.076613 -1207.321054
0.077113 -1208.016054
0.077614 -1209.672054
0.078115 -1210.672054
0.078616 -1211.167054
0.079116 -1210.734054
0.079617 -1210.332054
0.080118 -1209.664054
0.080619 -1207.948054
0.081119 -1207.434054
0.081620 -1208.058054
0.082121 -1208.074054
0.082622 -1208.416054
0.083122 -1208.562054
0.083623 -1207.742054
0.084124 -1207.402054
0.084624 -1207.782054
0.085125 -1207.259054
0.085626 -1205.770054
0.086127 -1204.973054
0.086627 -1205.823054
0.087128 -1206.684054
0.087629 -1206.413054
0.088130 -1206.127054
0.088630 -1206.217054
0.089131 -1206.665054
0.089632 -1206.229054
0.090133 -1204.261054
0.090633 -1203.007054
0.091134 -1204.010054
0.091635 -1205.555054
0.092135 -1206.055054
0.092636 -1205.646054
0.093137 -1204.624054
0.093638 -1204.039054
0.094138 -1203.329054
0.094639 -1202.940054
0.095140 -1202.732054
0.095641 -1203.382054
0.096141 -1204.339054
0.096642 -1204.101054
0.097143 -1203.536054
0.097644 -1203.140054
0.098144 -1204.025054
0.098645 -1204.388054
0.099146 -1203.410054
0.099647 -1202.644054
0.100147 -1202.248054
0.100648 -1202.738054
0.101149 -1203.836054
0.101649 -1204.394054
0.102150 -1203.550054
0.102651 -1202.685054
0.103152 -1202.805054
0.103652 -1203.177054
0.104153 -1202.332054
0.104654 -1200.505054
0.105155 -1200.323054
0.105655 -1201.329054
0.106156 -1202.134054
0.106657 -1202.496054
0.107158 -1201.434054
0.107658 -1200.495054
0.108159 -1200.820054
0.108660 -1200.834054
0.109161 -1200.473054
0.109661 -1200.507054
0.110162 -1200.426054
0.110663 -1200.389054
0.111163 -1200.231054
0.111664 -1199.392054
0.112165 -1199.575054
0.112666 -1201.005054
0.113166 -1201.218054
0.113667 -1200.196054
0.114168 -1198.764054
0.114669 -1198.165054
0.115169 -1198.842054
0.115670 -1199.491054
0.116171 -1199.734054
0.116672 -1199.018054
0.117172 -1198.971054
0.117673 -1200.076054
0.118174 -1199.491054
0.118675 -1198.192054
0.119175 -1197.905054
0.119676 -1198.595054
0.120177 -1198.631054
0.120677 -1198.179054
0.121178 -1198.398054
0.121679 -1198.487054
0.122180 -1198.478054
0.122680 -1198.312054
0.123181 -1197.381054
0.123682 -1196.063053
0.124183 -1196.272053
0.124683 -1197.373054
0.125184 -1198.200054
0.125685 -1198.002054
0.126186 -1197.004054
0.126686 -1196.105053
0.127187 -1196.705053
0.127688 -1197.196054
0.128189 -1195.769053
0.128689 -1195.191053
0.129190 -1195.654053
0.129691 -1196.137053
0.130191 -1195.933053
0.130692 -1195.426053
0.131193 -1195.557053
0.131694 -1195.328053
0.132194 -1194.705053
0.132695 -1194.649053
0.133196 -1194.931053
0.133697 -1194.748053
0.134197 -1194.798053
0.134698 -1194.729053
0.135199 -1193.950053
0.135700 -1193.567053
0.136200 -1193.725053
0.136701 -1193.610053
0.137202 -1192.725053
0.137703 -1192.437053
0.138203 -1193.295053
0.138704 -1193.715053
0.139205 -1193.745053
0.139705 -1193.623053
0.140206 -1193.076053
0.140707 -1192.539053
0.141208 -1192.521053
0.141708 -1192.435053
0.142209 -1192.024053
0.142710 -1192.750053
0.143211 -1192.536053
0.143711 -1191.795053
0.144212 -1192.249053
0.144713 -1192.818053
0.145214 -1193.112053
0.145714 -1193.240053
0.146215 -1193.239053
0.146716 -1192.458053
0.147216 -1191.816053
0.147717 -1192.206053
0.148218 -1192.188053
0.148719 -1191.719053
0.149219 -1192.081053
0.149720 -1192.044053
0.150221 -1192.509053
0.150722 -1192.980053
0.151222 -1192.660053
0.151723 -1192.386053
0.152224 -1191.492053
0.152725 -1191.531053
0.153225 -1191.789053
0.153726 -1190.636053
0.154227 -1189.712053
0.154728 -1190.595053
0.155228 -1191.635053
0.155729 -1191.037053
0.156230 -1190.696053
0.156730 -1190.517053
0.157231 -1189.926053
0.157732 -1189.763053
0.158233 -1189.711053
0.158733 -1188.886053
0.159234 -1188.444053
0.159735 -1189.895053
0.160236 -1190.802053
0.160736 -1190.099053
0.161237 -1189.561053
0.161738 -1189.668053
0.162239 -1189.001053
0.162739 -1187.750053
0.163240 -1187.788053
0.163741 -1187.559053
0.164242 -1187.484053
0.164742 -1188.581053
0.165243 -1189.000053
0.165744 -1188.194053
0.166244 -1187.275053
0.166745 -1187.219053
0.167246 -1187.531053
0.167747 -1187.399053
0.168247 -1186.967053
0.168748 -1187.321053
0.169249 -1187.164053
0.169750 -1187.138053
0.170250 -1187.091053
0.170751 -1186.231053
0.171252 -1186.785053
0.171753 -1187.335053
0.172253 -1186.060053
0.172754 -1184.351053
0.173255 -1184.957053
0.173756 -1186.102053
0.174256 -1185.827053
0.174757 -1185.707053
0.175258 -1185.780053
0.175758 -1185.772053
0.176259 -1185.198053
0.176760 -1184.602053
0.177261 -1183.739053
0.177761 -1183.181053
0.178262 -1184.728053
0.178763 -1185.892053
0.179264 -1185.958053
0.179764 -1184.837053
0.180265 -1183.716053
0.180766 -1183.682053
0.181267 -1183.731053
0.181767 -1183.433053
0.182268 -1182.407053
0.182769 -1181.930053
0.183270 -1183.063053
0.183770 -1184.256053
0.184271 -1183.991053
0.184772 -1183.293053
0.185272 -1183.177053
0.185773 -1183.201053
0.186274 -1182.283053
0.186775 -1181.581053
0.187275 -1181.250053
0.187776 -1180.938053
0.188277 -1181.538053
0.188778 -1181.631053
0.189278 -1180.461053
0.189779 -1180.215053
0.190280 -1181.127053
0.190781 -1181.784053
0.191281 -1181.469053
0.191782 -1180.093053
0.192283 -1179.432053
0.192784 -1180.219053
0.193284 -1180.852053
0.193785 -1179.754053
0.194286 -1178.098053
0.194786 -1177.678053
0.195287 -1177.604053
0.195788 -1177.699053
0.196289 -1177.888053
0.196789 -1177.658053
0.197290 -1177.914053
0.197791 -1178.090053
0.198292 -1177.529053
0.198792 -1176.556053
0.199293 -1174.054052
0.199794 -1173.423052
0.200295 -1175.342053
0.200795 -1175.900053
0.201296 -1176.044053
0.201797 -1176.293053
0.202297 -1176.311053
0.202798 -1176.182053
0.203299 -1175.431053
0.203800 -1175.037053
0.204300 -1175.061053
0.204801 -1175.358053
0.205302 -1175.780053
0.205803 -1175.594053
0.206303 -1174.742053
0.206804 -1174.477053
0.207305 -1174.944053
0.207806 -1174.484053
0.208306 -1173.162052
0.208807 -1172.490052
0.209308 -1173.376052
0.209809 -1174.327052
0.210309 -1174.736053
0.210810 -1174.054052
0.211311 -1172.921052
0.211811 -1172.705052
0.212312 -1172.901052
0.212813 -1173.263052
0.213314 -1172.701052
0.213814 -1172.683052
0.214315 -1173.005052
0.214816 -1172.051052
0.215317 -1171.181052
0.215817 -1171.215052
0.216318 -1171.409052
0.216819 -1170.967052
0.217320 -1170.944052
0.217820 -1170.987052
0.218321 -1170.248052
0.218822 -1170.320052
0.219323 -1170.009052
0.219823 -1169.917052
0.220324 -1170.535052
0.220825 -1170.079052
0.221325 -1170.223052
0.221826 -1169.992052
0.222327 -1169.223052
0.222828 -1169.742052
0.223328 -1170.459052
0.223829 -1170.156052
0.224330 -1169.445052
0.224831 -1168.966052
0.225331 -1169.373052
0.225832 -1169.823052
0.226333 -1169.957052
0.226834 -1169.236052
0.227334 -1168.215052
0.227835 -1168.847052
0.228336 -1169.494052
0.228837 -1168.949052
0.229337 -1167.468052
0.229838 -1167.193052
0.230339 -1168.212052
0.230839 -1167.335052
0.231340 -1166.368052
0.231841 -1165.356052
0.232342 -1165.797052
0.232842 -1166.830052
0.233343 -1166.135052
0.233844 -1165.793052
0.234345 -1165.972052
0.234845 -1167.169052
0.235346 -1167.232052
0.235847 -1166.228052
0.236348 -1165.532052
0.236848 -1165.490052
0.237349 -1165.958052
0.237850 -1166.082052
0.238351 -1165.985052
0.238851 -1164.140052
0.239352 -1163.922052
0.239853 -1165.366052
0.240353 -1166.174052
0.240854 -1165.575052
0.241355 -1164.342052
0.241856 -1164.887052
0.242356 -1164.336052
0.242857 -1164.047052
0.243358 -1164.659052
0.243859 -1164.768052
0.244359 -1165.056052
0.244860 -1165.545052
0.245361 -1165.667052
0.245862 -1163.986052
0.246362 -1163.560052
0.246863 -1164.069052
0.247364 -1163.448052
0.247865 -1162.542052
0.248365 -1162.779052
0.248866 -1163.624052
0.249367 -1163.025052
0.249867 -1161.994052
0.250368 -1161.333052
0.250869 -1161.028052
0.251370 -1160.863052
0.251870 -1161.381052
0.252371 -1162.069052
0.252872 -1161.229052
0.253373 -1160.055052
0.253873 -1159.567052
0.254374 -1160.681052
0.254875 -1161.322052
0.255376 -1160.500052
0.255876 -1159.733052
0.256377 -1160.195052
0.256878 -1161.447052
0.257378 -1160.932052
0.257879 -1159.674052
0.258380 -1159.795052
0.258881 -1160.550052
0.259381 -1160.202052
0.259882 -1159.427052
0.260383 -1158.945052
0.260884 -1158.748052
0.261384 -1159.124052
0.261885 -1158.842052
0.262386 -1157.963052
0.262887 -1158.120052
0.263387 -1158.169052
0.263888 -1157.274052
0.264389 -1156.625052
0.264890 -1156.363052
0.265390 -1156.652052
0.265891 -1157.171052
0.266392 -1157.165052
0.266892 -1155.890052
0.267393 -1154.630052
0.267894 -1154.787052
0.268395 -1155.737052
0.268895 -1156.267052
0.269396 -1155.910052
0.269897 -1155.860052
0.270398 -1155.316052
0.270898 -1154.862052
0.271399 -1154.266052
0.271900 -1153.539052
0.272401 -1153.767052
0.272901 -1154.666052
0.273402 -1155.580052
0.273903 -1155.211052
0.274404 -1154.422052
0.274904 -1154.546052
0.275405 -1154.661052
0.275906 -1154.211052
0.276406 -1153.703052
0.276907 -1153.027052
0.277408 -1154.168052
0.277909 -1155.372052
0.278409 -1154.500052
0.278910 -1153.536052
0.279411 -1152.878052
0.279912 -1153.018052
0.280412 -1153.708052
0.280913 -1153.264052
0.281414 -1152.283052
0.281915 -1152.580052
0.282415 -1153.312052
0.282916 -1153.069052
0.283417 -1152.267052
0.283918 -1151.872051
0.284418 -1152.245052
0.284919 -1152.085052
0.285420 -1151.360051
0.285920 -1150.870051
0.286421 -1151.557051
0.286922 -1151.531051
0.287423 -1150.171051
0.287923 -1150.664051
0.288424 -1150.942051
0.288925 -1150.983051
0.289426 -1151.828051
0.289926 -1152.530052
0.290427 -1151.684051
0.290928 -1150.322051
0.291429 -1150.512051
0.291929 -1150.729051
0.292430 -1150.507051
0.292931 -1149.601051
0.293432 -1148.521051
0.293932 -1148.634051
0.294433 -1149.310051
0.294934 -1148.858051
0.295434 -1148.560051
0.295935 -1149.201051
0.296436 -1150.341051
0.296937 -1150.447051
0.297437 -1148.390051
0.297938 -1147.783051
0.298439 -1148.820051
0.298940 -1149.183051
0.299440 -1148.530051
0.299941 -1147.823051
0.300442 -1147.091051
0.300943 -1147.389051
0.301443 -1148.957051
0.301944 -1148.850051
0.302445 -1148.459051
0.302946 -1149.224051
0.303446 -1149.510051
0.303947 -1148.348051
0.304448 -1147.523051
0.304948 -1147.647051
0.305449 -1147.079051
0.305950 -1146.503051
0.306451 -1146.474051
0.306951 -1146.515051
0.307452 -1146.459051
0.307953 -1146.960051
0.308454 -1147.340051
0.308954 -1147.053051
0.309455 -1146.669051
0.309956 -1145.807051
0.310457 -1146.030051
0.310957 -1145.801051
0.311458 -1144.832051
0.311959 -1144.949051
0.312459 -1144.123051
0.312960 -1143.734051
0.313461 -1144.843051
0.313962 -1144.367051
0.314462 -1143.561051
0.314963 -1144.336051
0.315464 -1144.905051
0.315965 -1144.509051
0.316465 -1143.282051
0.316966 -1142.530051
0.317467 -1142.958051
0.317968 -1143.577051
0.318468 -1143.469051
0.318969 -1142.797051
0.319470 -1143.338051
0.319971 -1144.317051
0.320471 -1144.042051
0.320972 -1142.569051
0.321473 -1141.575051
0.321973 -1142.596051
0.322474 -1143.735051
0.322975 -1143.395051
0.323476 -1142.835051
0.323976 -1142.320051
0.324477 -1142.142051
0.324978 -1142.862051
0.325479 -1142.753051
0.325979 -1141.854051
0.326480 -1141.635051
0.326981 -1142.342051
0.327482 -1142.929051
0.327982 -1142.633051
0.328483 -1142.243051
0.328984 -1141.990051
0.329485 -1142.235051
0.329985 -1141.864051
0.330486 -1141.206051
0.330987 -1140.729051
0.331487 -1141.348051
0.331988 -1143.318051
0.332489 -1143.750051
0.332990 -1142.850051
0.333490 -1141.716051
0.333991 -1140.875051
0.334492 -1140.906051
0.334993 -1140.669051
0.335493 -1139.813051
0.335994 -1140.017051
0.336495 -1140.918051
0.336996 -1141.139051
0.337496 -1140.319051
0.337997 -1140.020051
0.338498 -1140.513051
0.338999 -1140.070051
0.339499 -1139.685051
0.340000 -1139.181051
0.340501 -1139.381051
0.341001 -1139.530051
0.341502 -1139.198051
0.342003 -1139.366051
0.342504 -1139.551051
0.343004 -1139.257051
0.343505 -1139.103051
0.344006 -1138.914051
0.344507 -1138.248051
0.345007 -1137.866051
0.345508 -1138.162051
0.346009 -1138.534051
0.346510 -1139.001051
0.347010 -1139.771051
0.347511 -1139.407051
0.348012 -1138.729051
0.348513 -1137.983051
0.349013 -1137.408051
0.349514 -1137.049051
0.350015 -1136.272051
0.350515 -1136.806051
0.351016 -1138.288051
0.351517 -1138.176051
0.352018 -1137.334051
0.352518 -1137.775051
0.353019 -1137.884051
0.353520 -1136.963051
0.354021 -1136.645051
0.354521 -1137.044051
0.355022 -1137.901051
0.355523 -1137.646051
0.356024 -1136.278051
0.356524 -1135.626051
0.357025 -1136.012051
0.357526 -1135.745051
0.358027 -1135.513051
0.358527 -1135.957051
0.359028 -1135.989051
0.359529 -1136.363051
0.360029 -1137.309051
0.360530 -1137.496051
0.361031 -1136.323051
0.361532 -1135.527051
0.362032 -1135.878051
0.362533 -1135.427051
0.363034 -1133.955051
0.363535 -1132.990051
0.364035 -1133.512051
0.364536 -1134.975051
0.365037 -1135.755051
0.365538 -1135.301051
0.366038 -1134.044051
0.366539 -1133.386051
0.367040 -1133.735051
0.367541 -1133.742051
0.368041 -1132.933051
0.368542 -1132.183051
0.369043 -1131.817051
0.369543 -1132.018051
0.370044 -1131.999051
0.370545 -1131.558051
0.371046 -1131.554051
0.371546 -1132.653051
0.372047 -1132.897051
0.372548 -1132.875051
0.373049 -1132.766051
0.373549 -1131.741051
0.374050 -1131.495051
0.374551 -1131.313051
0.375052 -1130.813051
0.375552 -1129.796051
0.376053 -1130.180051
0.376554 -1130.927051
0.377054 -1129.573050
0.377555 -1129.199050
0.378056 -1129.556050
0.378557 -1130.317051
0.379057 -1130.947051
0.379558 -1130.739051
0.380059 -1130.634051
0.380560 -1130.942051
0.381060 -1130.299051
0.381561 -1128.768050
0.382062 -1128.098050
0.382563 -1128.253050
0.383063 -1129.268050
0.383564 -1130.142051
0.384065 -1130.520051
0.384566 -1130.013051
0.385066 -1129.692051
0.385567 -1129.719051
0.386068 -1129.203050
0.386568 -1128.612050
0.387069 -1128.392050
0.387570 -1128.747050
0.388071 -1129.279050
0.388571 -1130.183051
0.389072 -1129.987051
0.389573 -1129.393050
0.390074 -1129.515050
0.390574 -1129.143050
0.391075 -1128.930050
0.391576 -1128.644050
0.392077 -1128.078050
0.392577 -1127.903050
0.393078 -1128.125050
0.393579 -1128.091050
0.394080 -1127.232050
0.394580 -1127.388050
0.395081 -1128.367050
0.395582 -1128.221050
0.396082 -1127.733050
0.396583 -1127.081050
0.397084 -1127.025050
0.397585 -1127.564050
0.398085 -1127.426050
0.398586 -1127.266050
0.399087 -1127.567050
0.399588 -1127.377050
0.400088 -1126.715050
0.400589 -1126.079050
0.401090 -1125.361050
0.401591 -1126.418050
0.402091 -1128.099050
0.402592 -1127.249050
0.403093 -1126.024050
0.403594 -1125.900050
0.404094 -1125.422050
0.404595 -1125.626050
0.405096 -1125.847050
0.405596 -1124.651050
0.406097 -1123.789050
0.406598 -1124.730050
0.407099 -1125.409050
0.407599 -1125.801050
0.408100 -1126.259050
0.408601 -1124.833050
0.409102 -1123.343050
0.409602 -1123.089050
0.410103 -1123.032050
0.410604 -1122.929050
0.411105 -1123.588050
0.411605 -1125.216050
0.412106 -1124.991050
0.412607 -1123.353050
0.413108 -1122.069050
0.413608 -1122.024050
0.414109 -1122.879050
0.414610 -1123.228050
0.415110 -1122.864050
0.415611 -1122.781050
0.416112 -1123.136050
0.416613 -1123.000050
0.417113 -1122.142050
0.417614 -1121.679050
0.418115 -1122.072050
0.418616 -1122.256050
0.419116 -1121.670050
0.419617 -1121.363050
0.420118 -1121.934050
0.420619 -1122.477050
0.421119 -1122.796050
0.421620 -1122.948050
0.422121 -1122.268050
0.422622 -1121.578050
0.423122 -1121.200050
0.423623 -1120.995050
0.424124 -1121.089050
0.424624 -1121.027050
0.425125 -1120.625050
0.425626 -1120.517050
0.426127 -1120.580050
0.426627 -1120.245050
0.427128 -1120.261050
0.427629 -1119.759050
0.428130 -1120.105050
0.428630 -1120.148050
0.429131 -1119.525050
0.429632 -1120.630050
0.430133 -1121.516050
0.430633 -1120.886050
0.431134 -1119.206050
0.431635 -1118.407050
0.432135 -1119.108050
0.432636 -1118.847050
0.433137 -1118.391050
0.433638 -1118.395050
0.434138 -1118.502050
0.434639 -1120.120050
0.435140 -1120.923050
0.435641 -1120.052050
0.436141 -1119.049050
0.436642 -1118.179050
0.437143 -1118.174050
0.437644 -1118.142050
0.438144 -1118.826050
0.438645 -1118.741050
0.439146 -1118.021050
0.439647 -1118.282050
0.440147 -1118.047050
0.440648 -1117.574050
0.441149 -1117.045050
0.441649 -1117.459050
0.442150 -1117.765050
0.442651 -1117.603050
0.443152 -1117.264050
0.443652 -1117.335050
0.444153 -1117.779050
0.444654 -1117.658050
0.445155 -1117.362050
0.445655 -1116.070050
0.446156 -1115.028050
0.446657 -1116.107050
0.447158 -1116.656050
0.447658 -1115.991050
0.448159 -1116.246050
0.448660 -1117.479050
0.449161 -1117.595050
0.449661 -1116.389050
0.450162 -1115.529050
0.450663 -1115.056050
0.451163 -1114.909050
0.451664 -1115.363050
0.452165 -1116.245050
0.452666 -1115.809050
0.453166 -1115.545050
0.453667 -1116.048050
0.454168 -1115.787050
0.454669 -1114.932050
0.455169 -1113.497050
0.455670 -1113.263050
0.456171 -1113.838050
0.456672 -1114.908050
0.457172 -1115.461050
0.457673 -1115.637050
0.458174 -1115.426050
0.458675 -1113.878050
0.459175 -1113.584050
0.459676 -1113.436050
0.460177 -1113.891050
0.460677 -1114.867050
0.461178 -1114.729050
0.461679 -1114.873050
0.462180 -1114.599050
0.462680 -1114.658050
0.463181 -1115.153050
0.463682 -1114.732050
0.464183 -1113.423050
0.464683 -1112.866050
0.465184 -1113.509050
0.465685 -1113.439050
0.466186 -1113.456050
0.466686 -1113.091050
0.467187 -1112.682050
0.467688 -1112.859050
0.468189 -1113.667050
0.468689 -1113.175050
0.469190 -1111.942050
0.469691 -1111.753050
0.470191 -1112.299050
0.470692 -1113.059050
0.471193 -1112.732050
0.471694 -1111.874050
0.472194 -1111.094050
0.472695 -1111.757050
0.473196 -1112.105050
0.473697 -1111.100050
0.474197 -1111.057050
0.474698 -1111.734050
0.475199 -1111.456050
0.475700 -1110.899050
0.476200 -1110.708050
0.476701 -1109.875050
0.477202 -1109.753050
0.477703 -1109.849050
0.478203 -1109.458050
0.478704 -1108.943050
0.479205 -1108.149050
0.479705 -1108.419050
0.480206 -1109.482050
0.480707 -1109.840050
0.481208 -1109.352050
0.481708 -1109.213050
0.482209 -1107.769050
0.482710 -1106.138049
0.483211 -1106.275049
0.483711 -1107.348050
0.484212 -1108.639050
0.484713 -1109.169050
0.485214 -1108.940050
0.485714 -1107.845050
0.486215 -1107.022049
0.486716 -1106.807049
0.487216 -1106.368049
0.487717 -1105.185049
0.488218 -1105.212049
0.488719 -1106.863049
0.489219 -1107.248049
0.489720 -1106.435049
0.490221 -1105.551049
0.490722 -1105.333049
0.491222 -1104.994049
0.491723 -1104.208049
0.492224 -1103.844049
0.492725 -1103.695049
0.493225 -1104.714049
0.493726 -1105.794049
0.494227 -1105.516049
0.494728 -1105.535049
0.495228 -1104.141049
0.495729 -1103.409049
0.496230 -1104.052049
0.496730 -1104.017049
0.497231 -1103.595049
0.497732 -1103.211049
0.498233 -1099.251049
0.498733 -1072.548048
0.499234 -1043.146047
0.499735 -1039.398046
0.500236 -1042.132047
0.500736 -1043.007047
0.501237 -1042.337047
0.501738 -1042.285047
0.502239 -1041.882047
0.502739 -1042.053047
0.503240 -1043.509047
0.503741 -1043.523047
0.504242 -1042.701047
0.504742 -1042.099047
0.505243 -1042.262047
0.505744 -1042.250047
0.506244 -1041.813047
0.506745 -1041.572047
0.507246 -1041.519047
0.507747 -1041.395047
0.508247 -1040.387047
0.508748 -1038.993046
0.509249 -1037.560046
0.509750 -1038.011046
0.510250 -1039.580046
0.510751 -1039.554046
0.511252 -1038.917046
0.511753 -1038.482046
0.512253 -1036.071046
0.512754 -1034.121046
0.513255 -1036.406046
0.513756 -1038.274046
0.514256 -1038.182046
0.514757 -1039.030046
0.515258 -1039.766046
0.515758 -1038.832046
0.516259 -1038.213046
0.516760 -1038.646046
0.517261 -1039.130046
0.517761 -1038.829046
0.518262 -1037.880046
0.518763 -1037.388046
0.519264 -1037.907046
0.519764 -1038.478046
0.520265 -1036.832046
0.520766 -1035.202046
0.521267 -1036.422046
0.521767 -1036.907046
0.522268 -1036.927046
0.522769 -1036.906046
0.523270 -1036.309046
0.523770 -1036.489046
0.524271 -1036.509046
0.524772 -1036.378046
0.525272 -1035.961046
0.525773 -1035.660046
0.526274 -1036.097046
0.526775 -1036.367046
0.527275 -1036.607046
0.527776 -1036.641046
0.528277 -1036.465046
0.528778 -1036.601046
0.529278 -1036.649046
0.529779 -1036.360046
0.530280 -1035.520046
0.530781 -1034.883046
0.531281 -1035.185046
0.531782 -1035.810046
0.532283 -1036.057046
0.532784 -1035.324046
0.533284 -1035.026046
0.533785 -1035.810046
0.534286 -1035.867046
0.534786 -1035.266046
0.535287 -1035.396046
0.535788 -1036.324046
0.536289 -1036.685046
0.536789 -1035.902046
0.537290 -1035.415046
0.537791 -1035.606046
0.538292 -1035.960046
0.538792 -1036.196046
0.539293 -1035.882046
0.539794 -1035.315046
0.540295 -1035.103046
0.540795 -1034.709046
0.541296 -1034.206046
0.541797 -1033.799046
0.542297 -1031.367046
0.542798 -1031.339046
0.543299 -1034.407046
0.543800 -1034.376046
0.544300 -1033.188046
0.544801 -1033.511046
0.545302 -1034.132046
0.545803 -1033.782046
0.546303 -1033.564046
0.546804 -1033.775046
0.547305 -1033.834046
0.547806 -1034.480046
0.548306 -1034.152046
0.548807 -1033.037046
0.549308 -1032.742046
0.549809 -1032.786046
0.550309 -1033.293046
0.550810 -1032.232046
0.551311 -1030.148046
0.551811 -1030.624046
0.552312 -1032.201046
0.552813 -1030.562046
0.553314 -1024.087046
0.553814 -1020.825046
0.554315 -1025.729046
0.554816 -1030.850046
0.555317 -1032.080046
0.555817 -1031.384046
0.556318 -1031.092046
0.556819 -1031.792046
0.557320 -1031.152046
0.557820 -1029.816046
0.558321 -1030.578046
0.558822 -1031.783046
0.559323 -1032.327046
0.559823 -1032.365046
0.560324 -1031.447046
0.560825 -1030.772046
0.561325 -1031.055046
0.561826 -1031.394046
0.562327 -1031.338046
0.562828 -1030.953046
0.563328 -1029.369046
0.563829 -1029.027046
0.564330 -1030.299046
0.564831 -1031.251046
0.565331 -1030.545046
0.565832 -1029.096046
0.566333 -1028.382046
0.566834 -1027.409046
0.567334 -1027.415046
0.567835 -1027.864046
0.568336 -1029.338046
0.568837 -1030.490046
0.569337 -1029.971046
0.569838 -1028.822046
0.570339 -1028.448046
0.570839 -1029.262046
0.571340 -1029.228046
0.571841 -1029.069046
0.572342 -1029.347046
0.572842 -1028.874046
0.573343 -1028.638046
0.573844 -1029.771046
0.574345 -1029.834046
0.574845 -1028.421046
0.575346 -1027.740046
0.575847 -1024.214046
0.576348 -1021.171046
0.576848 -1023.783046
0.577349 -1026.944046
0.577850 -1027.870046
0.578351 -1028.735046
0.578851 -1027.091046
0.579352 -1023.242046
0.579853 -1021.927046
0.580353 -1019.217046
0.580854 -1019.111046
0.581355 -1024.604046
0.581856 -1027.179046
0.582356 -1026.582046
0.582857 -1026.226046
0.583358 -1027.739046
0.583859 -1028.904046
0.584359 -1028.299046
0.584860 -1027.268046
0.585361 -1027.104046
0.585862 -1027.290046
0.586362 -1026.973046
0.586863 -1026.744046
0.587364 -1027.388046
0.587865 -1028.544046
0.588365 -1027.950046
0.588866 -1026.560046
0.589367 -1026.407046
0.589867 -1026.428046
0.590368 -1026.384046
0.590869 -1025.960046
0.591370 -1025.393046
0.591870 -1025.750046
0.592371 -1026.537046
0.592872 -1026.875046
0.593373 -1025.184046
0.593873 -1021.585046
0.594374 -1017.835046
0.594875 -1018.827046
0.595376 -1023.463046
0.595876 -1025.010046
0.596377 -1024.071046
0.596878 -1020.675046
0.597378 -1015.063045
0.597879 -1016.264045
0.598380 -1022.812046
0.598881 -1025.388046
0.599381 -1025.235046
0.599882 -1025.044046
0.600383 -1023.621046
0.600884 -1022.661046
0.601384 -1023.922046
0.601885 -1024.246046
0.602386 -1024.179046
0.602887 -1024.511046
0.603387 -1023.713046
0.603888 -1023.226046
0.604389 -1023.065046
0.604890 -1023.106046
0.605390 -1022.828046
0.605891 -1022.985046
0.606392 -1023.994046
0.606892 -1023.759046
0.607393 -1023.112046
0.607894 -1022.308046
0.608395 -1021.606046
0.608895 -1021.834046
0.609396 -1022.328046
0.609897 -1021.730046
0.610398 -1020.960046
0.610898 -1021.482046
0.611399 -1022.014046
0.611900 -1022.008046
0.612401 -1020.893046
0.612901 -1020.405046
0.613402 -1021.137046
0.613903 -1021.152046
0.614404 -1020.601046
0.614904 -1020.158046
0.615405 -1019.140046
0.615906 -1019.346046
0.616406 -1021.005046
0.616907 -1021.052046
0.617408 -1018.277046
0.617909 -1014.161045
0.618409 -1015.586045
0.618910 -1019.116046
0.619411 -1020.021046
0.619912 -1021.139046
0.620412 -1021.855046
0.620913 -1021.515046
0.621414 -1020.580046
0.621915 -1019.476046
0.622415 -1019.001046
0.622916 -1019.270046
0.623417 -1019.884046
0.623918 -1019.217046
0.624418 -1018.767046
0.624919 -1019.572046
0.625420 -1019.418046
0.625920 -1019.618046
0.626421 -1019.678046
0.626922 -1019.091046
0.627423 -1019.074046
0.627923 -1019.152046
0.628424 -1018.625046
0.628925 -1017.237045
0.629426 -1017.079045
0.629926 -1014.456045
0.630427 -1007.242045
0.630928 -1006.470045
0.631429 -1013.841045
0.631929 -1017.371045
0.632430 -1017.376045
0.632931 -1017.647045
0.633432 -1017.703045
0.633932 -1017.890046
0.634433 -1017.999046
0.634934 -1018.338046
0.635434 -1017.544045
0.635935 -1017.021045
0.636436 -1017.321045
0.636937 -1017.506045
0.637437 -1017.235045
0.637938 -1016.781045
0.638439 -1016.397045
0.638940 -1015.839045
0.639440 -1016.291045
0.639941 -1016.688045
0.640442 -1015.669045
0.640943 -1014.965045
0.641443 -1014.628045
0.641944 -1014.624045
0.642445 -1014.871045
0.642946 -1014.193045
0.643446 -1014.062045
0.643947 -1014.980045
0.644448 -1015.723045
0.644948 -1015.230045
0.645449 -1014.142045
0.645950 -1013.569045
0.646451 -1014.061045
0.646951 -1012.419045
0.647452 -1007.415045
0.647953 -1007.788045
0.648454 -1012.110045
0.648954 -1014.165045
0.649455 -1014.574045
0.649956 -1013.992045
0.650457 -1013.733045
0.650957 -1013.812045
0.651458 -1013.716045
0.651959 -1013.149045
0.652459 -1012.445045
0.652960 -1012.963045
0.653461 -1013.624045
0.653962 -1012.227045
0.654462 -1011.997045
0.654963 -1012.695045
0.655464 -1012.820045
0.655965 -1013.410045
0.656465 -1013.111045
0.656966 -1012.558045
0.657467 -1012.465045
0.657968 -1012.403045
0.658468 -1012.531045
0.658969 -1013.520045
0.659470 -1013.707045
0.659971 -1012.949045
0.660471 -1013.168045
0.660972 -1013.258045
0.661473 -1013.260045
0.661973 -1011.878045
0.662474 -1011.752045
0.662975 -1012.834045
0.663476 -1013.223045
0.663976 -1012.822045
0.664477 -1012.003045
0.664978 -1011.583045
0.665479 -1010.601045
0.665979 -1011.000045
0.666480 -1011.591045
0.666981 -1011.321045
0.667482 -1011.980045
0.667982 -1011.803045
0.668483 -1010.537045
0.668984 -1009.788045
0.669485 -1004.623045
0.669985 -994.363044
0.670486 -990.426044
0.670987 -998.128045
0.671487 -1007.386045
0.671988 -1009.155045
0.672489 -1008.766045
0.672990 -1008.636045
0.673490 -1008.107045
0.673991 -1008.572045
0.674492 -1009.576045
0.674993 -1010.502045
0.675493 -1009.472045
0.675994 -1008.110045
0.676495 -1008.553045
0.676996 -1008.683045
0.677496 -1008.579045
0.677997 -1007.801045
0.678498 -1006.223045
0.678999 -1005.847045
0.679499 -1006.971045
0.680000 -1008.566045
0.680501 -1009.067045
0.681001 -1008.512045
0.681502 -1008.143045
0.682003 -1007.310045
0.682504 -1006.628045
0.683004 -1006.716045
0.683505 -1004.823045
0.684006 -1003.789045
0.684507 -1006.079045
0.685007 -1007.326045
0.685508 -1006.378045
0.686009 -1005.800045
0.686510 -1006.432045
0.687010 -1006.516045
0.687511 -1005.177045
0.688012 -1004.370045
0.688513 -1001.415045
0.689013 -996.080045
0.689514 -997.615045
0.690015 -1003.923045
0.690515 -1005.389045
0.691016 -1004.450045
0.691517 -1004.386045
0.692018 -1003.428045
0.692518 -1003.153045
0.693019 -1004.035045
0.693520 -1003.202045
0.694021 -1001.805045
0.694521 -999.140045
0.695022 -989.556044
0.695523 -984.813044
0.696024 -992.837044
0.696524 -1000.898045
0.697025 -1001.727045
0.697526 -1002.132045
0.698027 -1003.431045
0.698527 -1004.069045
0.699028 -1002.574045
0.699529 -1001.059045
0.700029 -1002.155045
0.700530 -1003.404045
0.701031 -1002.855045
0.701532 -1001.924045
0.702032 -1001.883045
0.702533 -1001.418045
0.703034 -1002.208045
0.703535 -1002.402045
0.704035 -999.195045
0.704536 -996.861045
0.705037 -997.437045
0.705538 -999.275045
0.706038 -1000.835045
0.706539 -1001.074045
0.707040 -1001.104045
0.707541 -1001.156045
0.708041 -1000.956045
0.708542 -1001.469045
0.709043 -1001.631045
0.709543 -999.417045
0.710044 -996.517045
0.710545 -997.520045
0.711046 -999.477045
0.711546 -999.477045
0.712047 -1000.543045
0.712548 -1001.156045
0.713049 -1001.438045
0.713549 -1001.918045
0.714050 -1001.109045
0.714551 -1000.384045
0.715052 -1000.633045
0.715552 -1000.349045
0.716053 -999.425045
0.716554 -999.139045
0.717054 -997.122045
0.717555 -996.310045
0.718056 -998.663045
0.718557 -999.743045
0.719057 -1000.204045
0.719558 -1000.673045
0.720059 -1001.046045
0.720560 -1000.163045
0.721060 -999.084045
0.721561 -999.547045
0.722062 -1000.147045
0.722563 -999.686045
0.723063 -998.164045
0.723564 -996.869045
0.724065 -994.839044
0.724566 -994.984044
0.725066 -997.941045
0.725567 -998.736045
0.726068 -998.938045
0.726568 -999.202045
0.727069 -999.220045
0.727570 -998.936045
0.728071 -998.888045
0.728571 -999.211045
0.729072 -998.960045
0.729573 -998.265045
0.730074 -997.295045
0.730574 -997.189045
0.731075 -997.592045
0.731576 -998.507045
0.732077 -998.747045
0.732577 -997.289045
0.733078 -996.747045
0.733579 -997.594045
0.734080 -998.124045
0.734580 -997.656045
0.735081 -996.136045
0.735582 -991.812044
0.736082 -987.339044
0.736583 -990.362044
0.737084 -989.756044
0.737585 -983.924044
0.738085 -988.087044
0.738586 -995.401044
0.739087 -996.160045
0.739588 -995.502045
0.740088 -995.581045
0.740589 -996.086045
0.741090 -996.121045
0.741591 -994.958044
0.742091 -994.592044
0.742592 -994.954044
0.743093 -995.474045
0.743594 -995.826045
0.744094 -995.708045
0.744595 -995.399044
0.745096 -995.231044
0.745596 -995.005044
0.746097 -993.691044
0.746598 -993.009044
0.747099 -994.020044
0.747599 -995.951045
0.748100 -996.338045
0.748601 -994.237044
0.749102 -992.963044
0.749602 -994.196044
0.750103 -995.512045
0.750604 -994.731044
0.751105 -994.775044
0.751605 -995.351044
0.752106 -994.792044
0.752607 -993.775044
0.753108 -992.741044
0.753608 -992.283044
0.754109 -992.501044
0.754610 -993.695044
0.755110 -994.451044
0.755611 -994.509044
0.756112 -994.616044
0.756613 -994.751044
0.757113 -994.322044
0.757614 -992.991044
0.758115 -992.226044
0.758616 -992.676044
0.759116 -992.858044
0.759617 -993.237044
0.760118 -989.591044
0.760619 -983.355044
0.761119 -984.354044
0.761620 -985.412044
0.762121 -983.884044
0.762622 -986.519044
0.763122 -984.705044
0.763623 -978.294044
0.764124 -982.227044
0.764624 -990.470044
0.765125 -992.248044
0.765626 -991.483044
0.766127 -988.813044
0.766627 -987.740044
0.767128 -990.147044
0.767629 -991.455044
0.768130 -991.971044
0.768630 -992.244044
0.769131 -991.745044
0.769632 -991.249044
0.770133 -990.526044
0.770633 -988.941044
0.771134 -987.347044
0.771635 -986.537044
0.772135 -983.412044
0.772636 -981.771044
0.773137 -986.538044
0.773638 -990.939044
0.774138 -991.480044
0.774639 -991.105044
0.775140 -990.939044
0.775641 -991.066044
0.776141 -990.669044
0.776642 -990.514044
0.777143 -990.841044
0.777644 -991.113044
0.778144 -990.668044
0.778645 -990.436044
0.779146 -990.628044
0.779647 -989.489044
0.780147 -988.850044
0.780648 -989.835044
0.781149 -990.137044
0.781649 -988.837044
0.782150 -984.888044
0.782651 -982.842044
0.783152 -985.380044
0.783652 -986.508044
0.784153 -986.720044
0.784654 -988.310044
0.785155 -988.298044
0.785655 -987.703044
0.786156 -988.526044
0.786657 -988.754044
0.787158 -988.592044
0.787658 -988.867044
0.788159 -988.328044
0.788660 -987.756044
0.789161 -985.387044
0.789661 -981.865044
0.790162 -985.044044
0.790663 -990.026044
0.791163 -989.530044
0.791664 -988.935044
0.792165 -989.098044
0.792666 -989.256044
0.793166 -989.729044
0.793667 -990.126044
0.794168 -989.496044
0.794669 -987.666044
0.795169 -985.921044
0.795670 -984.033044
0.796171 -983.082044
0.796672 -983.794044
0.797172 -984.841044
0.797673 -985.122044
0.798174 -983.908044
0.798675 -981.940044
0.799175 -978.249044
0.799676 -976.990044
0.800177 -978.218044
0.800677 -971.844043
0.801178 -972.928043
0.801679 -983.694044
0.802180 -1001.873045
0.802680 -1031.563046
0.803181 -1046.477047
0.803682 -1047.908047
0.804183 -1050.148047
0.804683 -1049.447047
0.805184 -1047.958047
0.805685 -1046.557047
0.806186 -1046.240047
0.806686 -1046.191047
0.807187 -1045.109047
0.807688 -1043.371047
0.808189 -1043.110047
0.808689 -1043.508047
0.809190 -1043.106047
0.809691 -1041.778047
0.810191 -1040.859047
0.810692 -1041.507047
0.811193 -1042.535047
0.811694 -1042.818047
0.812194 -1042.952047
0.812695 -1043.117047
0.813196 -1043.591047
0.813697 -1044.532047
0.814197 -1044.878047
0.814698 -1044.838047
0.815199 -1044.097047
0.815700 -1043.379047
0.816200 -1044.311047
0.816701 -1045.358047
0.817202 -1045.274047
0.817703 -1046.261047
0.818203 -1048.776047
0.818704 -1050.397047
0.819205 -1051.091047
0.819705 -1051.021047
0.820206 -1050.327047
0.820707 -1050.204047
0.821208 -1050.525047
0.821708 -1049.546047
0.822209 -1048.561047
0.822710 -1048.794047
0.823211 -1049.390047
0.823711 -1049.156047
0.824212 -1048.300047
0.824713 -1048.166047
0.825214 -1048.861047
0.825714 -1048.914047
0.826215 -1048.094047
0.826716 -1048.087047
0.827216 -1047.944047
0.827717 -1047.177047
0.828218 -1045.204047
0.828719 -1042.354047
0.829219 -1040.282047
0.829720 -1038.631046
0.830221 -1036.864046
0.830722 -1035.173046
0.831222 -1033.917046
0.831723 -1033.189046
0.832224 -1033.735046
0.832725 -1034.620046
0.833225 -1034.856046
0.833726 -1035.129046
0.834227 -1034.462046
0.834728 -1033.332046
0.835228 -1031.688046
0.835729 -1028.863046
0.836230 -1026.921046
0.836730 -1026.455046
0.837231 -1026.435046
0.837732 -1026.129046
0.838233 -1024.713046
0.838733 -1023.900046
0.839234 -1024.700046
0.839735 -1024.926046
0.840236 -1024.441046
0.840736 -1023.436046
0.841237 -1022.691046
0.841738 -1023.310046
0.842239 -1024.025046
0.842739 -1022.900046
0.843240 -1021.464046
0.843741 -1021.728046
0.844242 -1021.364046
0.844742 -1019.078046
0.845243 -1015.009045
0.845744 -1011.818045
0.846244 -1011.992045
0.846745 -1012.083045
0.847246 -1009.948045
0.847747 -1007.493045
0.848247 -1006.475045
0.848748 -1005.690045
0.849249 -1005.247045
0.849750 -1005.189045
0.850250 -1004.663045
0.850751 -1004.304045
0.851252 -1004.503045
0.851753 -1005.738045
0.852253 -1007.069045
0.852754 -1008.821045
0.853255 -1010.755045
0.853756 -1011.681045
0.854256 -1011.310045
0.854757 -1010.110045
0.855258 -1008.346045
0.855758 -1007.774045
0.856259 -1007.590045
0.856760 -1006.438045
0.857261 -1005.574045
0.857761 -1005.575045
0.858262 -1006.737045
0.858763 -1006.661045
0.859264 -1004.682045
0.859764 -1002.367045
0.860265 -1000.499045
0.860766 -1000.011045
0.861267 -999.741045
0.861767 -999.192045
0.862268 -998.644045
0.862769 -999.368045
0.863270 -1000.422045
0.863770 -999.593045
0.864271 -998.050045
0.864772 -997.629045
0.865272 -998.090045
0.865773 -997.486045
0.866274 -996.839045
0.866775 -997.166045
0.867275 -998.181045
0.867776 -998.904045
0.868277 -998.075045
0.868778 -997.014045
0.869278 -996.406045
0.869779 -996.207045
0.870280 -996.121045
0.870781 -996.315045
0.871281 -996.622045
0.871782 -996.527045
0.872283 -996.542045
0.872784 -996.934045
0.873284 -997.503045
0.873785 -996.533045
0.874286 -995.445044
0.874786 -995.658045
0.875287 -996.066045
0.875788 -995.604045
0.876289 -994.919044
0.876789 -995.320044
0.877290 -995.695045
0.877791 -996.037045
0.878292 -995.935045
0.878792 -994.913044
0.879293 -994.453044
0.879794 -994.902044
0.880295 -994.543044
0.880795 -994.131044
0.881296 -994.554044
0.881797 -994.379044
0.882297 -993.644044
0.882798 -993.160044
0.883299 -993.281044
0.883800 -993.774044
0.884300 -993.811044
0.884801 -992.642044
0.885302 -991.411044
0.885803 -991.629044
0.886303 -992.653044
0.886804 -993.168044
0.887305 -992.534044
0.887806 -992.470044
0.888306 -994.157044
0.888807 -995.042044
0.889308 -993.769044
0.889809 -992.366044
0.890309 -992.019044
0.890810 -992.112044
0.891311 -992.385044
0.891811 -992.445044
0.892312 -992.628044
0.892813 -993.076044
0.893314 -993.473044
0.893814 -993.283044
0.894315 -991.680044
0.894816 -990.930044
0.895317 -992.011044
0.895817 -992.867044
0.896318 -992.484044
0.896819 -992.202044
0.897320 -992.035044
0.897820 -991.803044
0.898321 -992.560044
0.898822 -992.607044
0.899323 -992.262044
0.899823 -992.251044
0.900324 -992.836044
0.900825 -993.255044
0.901325 -992.112044
0.901826 -991.737044
0.902327 -991.848044
0.902828 -992.076044
0.903328 -992.467044
0.903829 -991.579044
0.904330 -990.296044
0.904831 -990.676044
0.905331 -992.045044
0.905832 -991.974044
0.906333 -990.942044
0.906834 -990.892044
0.907334 -992.004044
0.907835 -992.341044
0.908336 -992.380044
0.908837 -992.608044
0.909337 -992.799044
0.909838 -993.435044
0.910339 -993.901044
0.910839 -993.120044
0.911340 -991.992044
0.911841 -992.815044
0.912342 -994.409044
0.912842 -994.809044
0.913343 -993.943044
0.913844 -992.497044
0.914345 -992.265044
0.914845 -993.146044
0.915346 -992.554044
0.915847 -991.306044
0.916348 -990.877044
0.916848 -991.770044
0.917349 -993.145044
0.917850 -993.642044
0.918351 -993.972044
0.918851 -994.021044
0.919352 -994.283044
0.919853 -993.978044
0.920353 -993.231044
0.920854 -994.042044
0.921355 -994.824044
0.921856 -994.836044
0.922356 -994.486044
0.922857 -993.097044
0.923358 -992.290044
0.923859 -992.233044
0.924359 -992.623044
0.924860 -993.130044
0.925361 -992.579044
0.925862 -992.184044
0.926362 -992.240044
0.926863 -992.329044
0.927364 -992.547044
0.927865 -992.225044
0.928365 -992.199044
0.928866 -992.487044
0.929367 -992.439044
0.929867 -992.014044
0.930368 -991.771044
0.930869 -992.662044
0.931370 -994.030044
0.931870 -993.812044
0.932371 -992.632044
0.932872 -992.717044
0.933373 -993.178044
0.933873 -993.130044
0.934374 -993.531044
0.934875 -993.828044
0.935376 -994.516044
0.935876 -994.934044
0.936377 -994.298044
0.936878 -993.307044
0.937378 -992.943044
0.937879 -993.305044
0.938380 -993.209044
0.938881 -993.315044
0.939381 -993.342044
0.939882 -993.103044
0.940383 -992.838044
0.940884 -992.276044
0.941384 -991.655044
0.941885 -991.162044
0.942386 -991.627044
0.942887 -992.530044
0.943387 -992.709044
0.943888 -992.767044
0.944389 -992.434044
0.944890 -992.612044
0.945390 -993.650044
0.945891 -994.203044
0.946392 -994.018044
0.946892 -993.832044
0.947393 -995.004044
0.947894 -995.217044
0.948395 -994.221044
0.948895 -993.385044
0.949396 -993.082044
0.949897 -993.789044
0.950398 -993.824044
0.950898 -994.019044
0.951399 -995.290044
0.951900 -996.065045
0.952401 -995.869045
0.952901 -994.606044
0.953402 -993.501044
0.953903 -993.450044
0.954404 -994.756044
0.954904 -995.636045
0.955405 -995.056044
0.955906 -995.473045
0.956406 -997.422045
0.956907 -998.981045
0.957408 -998.276045
0.957909 -996.967045
0.958409 -996.405045
0.958910 -996.173045
0.959411 -996.854045
0.959912 -997.681045
0.960412 -997.199045
0.960913 -996.757045
0.961414 -997.282045
0.961915 -997.507045
0.962415 -997.321045
0.962916 -996.886045
0.963417 -996.739045
0.963918 -997.199045
0.964418 -998.304045
0.964919 -999.065045
0.965420 -998.926045
0.965920 -999.697045
0.966421 -999.805045
0.966922 -998.422045
0.967423 -997.498045
0.967923 -997.805045
0.968424 -998.360045
0.968925 -998.779045
0.969426 -999.872045
0.969926 -1000.465045
0.970427 -1000.214045
0.970928 -1000.204045
0.971429 -1001.367045
0.971929 -1001.761045
0.972430 -1001.004045
0.972931 -1000.840045
0.973432 -1001.416045
0.973932 -1001.492045
0.974433 -1000.939045
0.974934 -1001.474045
0.975434 -1001.182045
0.975935 -1000.850045
0.976436 -1001.813045
0.976937 -1002.977045
0.977437 -1003.618045
0.977938 -1003.436045
0.978439 -1002.828045
0.978940 -1002.453045
0.979440 -1002.395045
0.979941 -1002.323045
0.980442 -1002.540045
0.980943 -1002.286045
0.981443 -1002.237045
0.981944 -1002.667045
0.982445 -1003.211045
0.982946 -1004.780045
0.983446 -1004.823045
0.983947 -1003.309045
0.984448 -1002.593045
0.984948 -1003.167045
0.985449 -1004.080045
0.985950 -1004.810045
0.986451 -1005.175045
0.986951 -1005.384045
0.987452 -1006.381045
0.987953 -1007.127045
0.988454 -1006.799045
0.988954 -1005.680045
0.989455 -1005.516045
0.989956 -1007.008045
0.990457 -1007.509045
0.990957 -1006.321045
0.991458 -1006.194045
0.991959 -1007.902045
0.992459 -1009.033045
0.992960 -1009.467045
0.993461 -1009.220045
0.993962 -1008.671045
0.994462 -1008.724045
0.994963 -1009.161045
0.995464 -1009.179045
0.995965 -1009.283045
0.996465 -1010.848045
0.996966 -1011.562045
0.997467 -1011.160045
0.997968 -1011.670045
0.998468 -1012.103045
0.998969 -1011.539045
0.999470 -1010.795045
0.999971 -1010.343045
1.000471 -1010.275045
1.000972 -1010.557045
1.001473 -1011.292045
1.001973 -1011.958045
1.002474 -1012.437045
1.002975 -1012.622045
1.003476 -1012.087045
1.003976 -1011.472045
1.004477 -1011.331045
1.004978 -1010.995045
1.005479 -1009.477045
1.005979 -1008.958045
1.006480 -1010.499045
1.006981 -1010.328045
1.007482 -1009.546045
1.007982 -1009.470045
1.008483 -1009.270045
1.008984 -1008.990045
1.009485 -1009.078045
1.009985 -1009.632045
1.010486 -1010.718045
1.010987 -1012.199045
1.011487 -1012.968045
1.011988 -1012.524045
1.012489 -1011.931045
1.012990 -1012.076045
1.013490 -1012.973045
1.013991 -1014.158045
1.014492 -1014.649045
1.014993 -1015.062045
1.015493 -1016.220045
1.015994 -1016.534045
1.016495 -1015.477045
1.016996 -1014.079045
1.017496 -1013.842045
1.017997 -1015.066045
1.018498 -1015.657045
1.018999 -1015.825045
1.019499 -1016.193045
1.020000 -1016.011045
1.020501 -1016.112045
1.021001 -1015.838045
1.021502 -1015.632045
1.022003 -1015.953045
1.022504 -1015.910045
1.023004 -1015.996045
1.023505 -1016.288045
1.024006 -1015.645045
1.024507 -1014.610045
1.025007 -1015.666045
1.025508 -1016.779045
1.026009 -1016.258045
1.026510 -1015.675045
1.027010 -1016.383045
1.027511 -1017.262045
1.028012 -1017.513045
1.028513 -1018.013046
1.029013 -1017.646045
1.029514 -1017.364045
1.030015 -1017.459045
1.030515 -1017.783045
1.031016 -1018.194046
1.031517 -1018.719046
1.032018 -1019.599046
1.032518 -1019.253046
1.033019 -1019.247046
1.033520 -1020.273046
1.034021 -1020.697046
1.034521 -1020.871046
1.035022 -1021.297046
1.035523 -1020.392046
1.036024 -1018.417046
1.036524 -1017.831046
1.037025 -1019.595046
1.037526 -1021.252046
1.038027 -1021.298046
1.038527 -1021.276046
1.039028 -1021.465046
1.039529 -1022.234046
1.040029 -1022.813046
1.040530 -1021.990046
1.041031 -1021.386046
1.041532 -1021.793046
1.042032 -1021.523046
1.042533 -1020.634046
1.043034 -1020.382046
1.043535 -1020.691046
1.044035 -1021.016046
1.044536 -1020.398046
1.045037 -1019.410046
1.045538 -1019.928046
1.046038 -1021.097046
1.046539 -1022.061046
1.047040 -1022.212046
1.047541 -1022.116046
1.048041 -1022.125046
1.048542 -1021.735046
1.049043 -1021.108046
1.049543 -1020.136046
1.050044 -1020.772046
1.050545 -1022.769046
1.051046 -1023.304046
1.051546 -1022.429046
1.052047 -1021.674046
1.052548 -1021.221046
1.053049 -1021.984046
1.053549 -1023.385046
1.054050 -1023.248046
1.054551 -1021.943046
1.055052 -1021.927046
1.055552 -1022.881046
1.056053 -1023.066046
1.056554 -1022.768046
1.057054 -1021.913046
1.057555 -1021.446046
1.058056 -1021.481046
1.058557 -1021.332046
1.059057 -1021.411046
1.059558 -1021.224046
1.060059 -1021.869046
1.060560 -1023.024046
1.061060 -1023.535046
1.061561 -1023.709046
1.062062 -1024.540046
1.062563 -1025.429046
1.063063 -1025.460046
1.063564 -1024.667046
1.064065 -1023.412046
1.064566 -1023.344046
1.065066 -1024.147046
1.065567 -1025.057046
1.066068 -1024.986046
1.066568 -1024.151046
1.067069 -1024.269046
1.067570 -1024.686046
1.068071 -1023.957046
1.068571 -1023.120046
1.069072 -1023.481046
1.069573 -1023.598046
1.070074 -1022.987046
1.070574 -1022.554046
1.071075 -1023.224046
1.071576 -1023.931046
1.072077 -1024.346046
1.072577 -1024.814046
1.073078 -1024.131046
1.073579 -1022.644046
1.074080 -1022.698046
1.074580 -1024.190046
1.075081 -1025.419046
1.075582 -1025.102046
1.076082 -1023.654046
1.076583 -1023.322046
1.077084 -1022.973046
1.077585 -1022.301046
1.078085 -1022.127046
1.078586 -1022.036046
1.079087 -1022.195046
1.079588 -1022.252046
1.080088 -1022.413046
1.080589 -1022.204046
1.081090 -1022.388046
1.081591 -1022.844046
1.082091 -1021.318046
1.082592 -1020.293046
1.083093 -1020.123046
1.083594 -1020.256046
1.084094 -1020.911046
1.084595 -1021.859046
1.085096 -1021.464046
1.085596 -1021.441046
1.086097 -1023.248046
1.086598 -1024.432046
1.087099 -1023.841046
1.087599 -1022.234046
1.088100 -1022.228046
1.088601 -1022.990046
1.089102 -1023.811046
1.089602 -1024.546046
1.090103 -1024.772046
1.090604 -1024.574046
1.091105 -1023.543046
1.091605 -1023.190046
1.092106 -1022.424046
1.092607 -1021.553046
1.093108 -1022.417046
1.093608 -1023.404046
1.094109 -1021.965046
1.094610 -1019.870046
1.095110 -1018.654046
1.095611 -1017.405045
1.096112 -1017.845046
1.096613 -1018.000046
1.097113 -1017.296045
1.097614 -1017.038045
1.098115 -1017.508045
1.098616 -1018.781046
1.099116 -1018.727046
1.099617 -1018.927046
1.100118 -1019.697046
1.100619 -1020.384046
1.101119 -1020.526046
1.101620 -1019.431046
1.102121 -1018.573046
1.102622 -1018.487046
1.103122 -1018.625046
1.103623 -1019.275046
1.104124 -1020.111046
1.104624 -1019.999046
1.105125 -1020.239046
1.105626 -1020.028046
1.106127 -1019.021046
1.106627 -1017.656045
1.107128 -1016.731045
1.107629 -1017.255045
1.108130 -1017.046045
1.108630 -1016.268045
1.109131 -1016.176045
1.109632 -1016.979045
1.110133 -1018.412046
1.110633 -1018.857046
1.111134 -1017.760045
1.111635 -1017.032045
1.112135 -1018.156046
1.112636 -1019.326046
1.113137 -1018.986046
1.113638 -1018.300046
1.114138 -1018.279046
1.114639 -1018.140046
1.115140 -1017.701045
1.115641 -1016.613045
1.116141 -1015.378045
1.116642 -1015.528045
1.117143 -1015.885045
1.117644 -1016.607045
1.118144 -1017.238045
1.118645 -1017.436045
1.119146 -1018.121046
1.119647 -1017.655045
1.120147 -1015.853045
1.120648 -1014.441045
1.121149 -1014.161045
1.121649 -1014.281045
1.122150 -1014.690045
1.122651 -1014.685045
1.123152 -1014.331045
1.123652 -1014.401045
1.124153 -1014.528045
1.124654 -1014.455045
1.125155 -1013.997045
1.125655 -1013.949045
1.126156 -1015.274045
1.126657 -1016.002045
1.127158 -1013.355045
1.127658 -1011.260045
1.128159 -1011.471045
1.128660 -1013.056045
1.129161 -1015.027045
1.129661 -1015.337045
1.130162 -1015.051045
1.130663 -1014.986045
1.131163 -1014.191045
1.131664 -1012.038045
1.132165 -1009.856045
1.132666 -1008.961045
1.133166 -1009.547045
1.133667 -1011.574045
1.134168 -1012.438045
1.134669 -1011.413045
1.135169 -1011.324045
1.135670 -1011.677045
1.136171 -1011.948045
1.136672 -1011.841045
1.137172 -1010.934045
1.137673 -1011.036045
1.138174 -1012.627045
1.138675 -1013.096045
1.139175 -1012.096045
1.139676 -1011.868045
1.140177 -1012.057045
1.140677 -1011.871045
1.141178 -1012.121045
1.141679 -1011.968045
1.142180 -1011.484045
1.142680 -1012.084045
1.143181 -1012.463045
1.143682 -1011.525045
1.144183 -1010.351045
1.144683 -1010.143045
1.145184 -1009.822045
1.145685 -1008.832045
1.146186 -1008.445045
1.146686 -1008.060045
1.147187 -1007.428045
1.147688 -1007.105045
1.148189 -1007.110045
1.148689 -1007.304045
1.149190 -1007.597045
1.149691 -1008.419045
1.150191 -1008.549045
1.150692 -1008.442045
1.151193 -1008.596045
1.151694 -1008.795045
1.152194 -1009.439045
1.152695 -1010.724045
1.153196 -1012.384045
1.153697 -1012.362045
1.154197 -1012.032045
1.154698 -1011.609045
1.155199 -1009.609045
1.155700 -1007.833045
1.156200 -1006.791045
1.156701 -1007.385045
1.157202 -1008.680045
1.157703 -1008.954045
1.158203 -1008.345045
1.158704 -1007.063045
1.159205 -1006.866045
1.159705 -1008.052045
1.160206 -1007.134045
1.160707 -1005.749045
1.161208 -1006.447045
1.161708 -1008.330045
1.162209 -1009.141045
1.162710 -1008.523045
1.163211 -1008.667045
1.163711 -1009.000045
1.164212 -1008.072045
1.164713 -1006.709045
1.165214 -1005.603045
1.165714 -1006.064045
1.166215 -1008.727045
1.166716 -1010.113045
1.167216 -1009.204045
1.167717 -1008.150045
1.168218 -1007.909045
1.168719 -1007.264045
1.169219 -1005.498045
1.169720 -1005.937045
1.170221 -1006.485045
1.170722 -1006.347045
1.171222 -1006.567045
1.171723 -1006.343045
1.172224 -1006.386045
1.172725 -1004.970045
1.173225 -1004.976045
1.173726 -1006.326045
1.174227 -1005.875045
1.174728 -1005.367045
1.175228 -1005.342045
1.175729 -1005.242045
1.176230 -1005.403045
1.176730 -1005.590045
1.177231 -1005.728045
1.177732 -1006.753045
1.178233 -1006.867045
1.178733 -1005.227045
1.179234 -1003.237045
1.179735 -1002.608045
1.180236 -1004.300045
1.180736 -1005.770045
1.181237 -1006.035045
1.181738 -1005.422045
1.182239 -1005.438045
1.182739 -1006.292045
1.183240 -1006.117045
1.183741 -1004.471045
1.184242 -1002.557045
1.184742 -1001.888045
1.185243 -1002.320045
1.185744 -1003.769045
1.186244 -1004.290045
1.186745 -1003.903045
1.187246 -1003.737045
1.187747 -1003.580045
1.188247 -1003.059045
1.188748 -1001.334045
1.189249 -1001.683045
1.189750 -1003.982045
1.190250 -1004.525045
1.190751 -1004.137045
1.191252 -1002.866045
1.191753 -1002.331045
1.192253 -1002.634045
1.192754 -1001.467045
1.193255 -1000.805045
1.193756 -999.377045
1.194256 -999.613045
1.194757 -1001.041045
1.195258 -999.506045
1.195758 -998.863045
1.196259 -1000.031045
1.196760 -1000.612045
1.197261 -998.978045
1.197761 -997.334045
1.198262 -998.234045
1.198763 -999.726045
1.199264 -1001.246045
1.199764 -1002.188045
1.200265 -1001.695045
1.200766 -1000.836045
1.201267 -1000.682045
1.201767 -1000.066045
1.202268 -999.950045
1.202769 -999.812045
1.203270 -999.129045
1.203770 -998.867045
1.204271 -998.668045
1.204772 -998.271045
1.205272 -998.295045
1.205773 -998.162045
1.206274 -998.864045
1.206775 -999.352045
1.207275 -997.961045
1.207776 -998.302045
1.208277 -999.274045
1.208778 -999.795045
1.209278 -999.716045
1.209779 -998.228045
1.210280 -997.111045
1.210781 -997.718045
1.211281 -998.487045
1.211782 -998.836045
1.212283 -999.432045
1.212784 -999.842045
1.213284 -1000.501045
1.213785 -1001.045045
1.214286 -1000.505045
1.214786 -999.965045
1.215287 -999.166045
1.215788 -998.406045
1.216289 -999.429045
1.216789 -1000.641045
1.217290 -999.899045
1.217791 -999.109045
1.218292 -999.636045
1.218792 -998.254045
1.219293 -997.412045
1.219794 -997.115045
1.220295 -996.441045
1.220795 -997.669045
1.221296 -997.393045
1.221797 -995.193044
1.222297 -995.192044
1.222798 -996.030045
1.223299 -995.692045
1.223800 -997.396045
1.224300 -999.265045
1.224801 -997.692045
1.225302 -997.131045
1.225803 -996.940045
1.226303 -997.148045
1.226804 -997.975045
1.227305 -998.783045
1.227806 -999.737045
1.228306 -998.631045
1.228807 -997.848045
1.229308 -998.280045
1.229809 -999.160045
1.230309 -999.612045
1.230810 -998.964045
1.231311 -998.080045
1.231811 -996.413045
1.232312 -994.605044
1.232813 -992.684044
1.233314 -988.836044
1.233814 -986.183044
1.234315 -986.854044
1.234816 -987.359044
1.235317 -986.876044
1.235817 -987.201044
1.236318 -988.654044
1.236819 -992.552044
1.237320 -995.648045
1.237820 -995.523045
1.238321 -993.756044
1.238822 -993.588044
1.239323 -996.115045
1.239823 -998.915045
1.240324 -999.924045
1.240825 -998.905045
1.241325 -998.800045
1.241826 -998.313045
1.242327 -994.793044
1.242828 -989.631044
1.243328 -986.486044
1.243829 -985.000044
1.244330 -981.995044
1.244831 -979.480044
1.245331 -978.534044
1.245832 -978.200044
1.246333 -979.097044
1.246834 -978.953044
1.247334 -977.238044
1.247835 -977.034044
1.248336 -978.977044
1.248837 -981.448044
1.249337 -983.338044
1.249838 -986.358044
1.250339 -989.404044
1.250839 -990.038044
1.251340 -990.026044
1.251841 -989.699044
1.252342 -989.709044
1.252842 -990.402044
1.253343 -990.548044
1.253844 -989.760044
1.254345 -987.680044
1.254845 -985.597044
1.255346 -985.464044
1.255847 -986.537044
1.256348 -986.160044
1.256848 -985.443044
1.257349 -985.418044
1.257850 -985.922044
1.258351 -986.119044
1.258851 -985.908044
1.259352 -984.714044
1.259853 -981.030044
1.260353 -981.455044
1.260854 -983.545044
1.261355 -980.036044
1.261856 -976.836044
1.262356 -976.656044
1.262857 -976.006044
1.263358 -973.974044
1.263859 -972.351043
1.264359 -973.164044
1.264860 -976.251044
1.265361 -978.817044
1.265862 -979.312044
1.266362 -978.347044
1.266863 -977.519044
1.267364 -976.004044
1.267865 -974.783044
1.268365 -974.746044
1.268866 -974.978044
1.269367 -977.433044
1.269867 -980.117044
1.270368 -981.564044
1.270869 -981.879044
1.271370 -981.728044
1.271870 -981.634044
1.272371 -981.017044
1.272872 -980.018044
1.273373 -978.926044
1.273873 -978.537044
1.274374 -978.267044
1.274875 -978.887044
1.275376 -979.869044
1.275876 -980.106044
1.276377 -980.986044
1.276878 -981.812044
1.277378 -980.729044
1.277879 -978.522044
1.278380 -978.393044
1.278881 -978.540044
1.279381 -978.009044
1.279882 -977.642044
1.280383 -976.450044
1.280884 -975.923044
1.281384 -976.791044
1.281885 -977.010044
1.282386 -975.546044
1.282887 -975.111044
1.283387 -976.436044
1.283888 -977.349044
1.284389 -978.146044
1.284890 -978.549044
1.285390 -977.391044
1.285891 -975.786044
1.286392 -976.223044
1.286892 -975.946044
1.287393 -974.319044
1.287894 -974.227044
1.288395 -975.844044
1.288895 -977.610044
1.289396 -978.307044
1.289897 -977.661044
1.290398 -976.471044
1.290898 -976.508044
1.291399 -978.132044
1.291900 -978.095044
1.292401 -977.399044
1.292901 -978.076044
1.293402 -978.480044
1.293903 -977.853044
1.294404 -977.582044
1.294904 -977.635044
1.295405 -977.522044
1.295906 -977.653044
1.296406 -976.968044
1.296907 -976.276044
1.297408 -975.643044
1.297909 -975.039044
1.298409 -974.469044
1.298910 -973.315044
1.299411 -972.154043
1.299912 -972.248043
1.300412 -973.506044
1.300913 -973.586044
1.301414 -973.611044
1.301915 -974.719044
1.302415 -974.862044
1.302916 -973.482044
1.303417 -973.511044
1.303918 -974.513044
1.304418 -975.874044
1.304919 -977.424044
1.305420 -977.416044
1.305920 -976.254044
1.306421 -975.079044
1.306922 -974.751044
1.307423 -974.919044
1.307923 -974.659044
1.308424 -973.982044
1.308925 -972.967043
1.309426 -973.218044
1.309926 -973.987044
1.310427 -973.502044
1.310928 -972.896043
1.311429 -973.424044
1.311929 -973.985044
1.312430 -973.709044
1.312931 -973.484044
1.313432 -973.670044
1.313932 -974.300044
1.314433 -974.916044
1.314934 -973.692044
1.315434 -972.918043
1.315935 -973.220044
1.316436 -972.077043
1.316937 -972.607043
1.317437 -974.475044
1.317938 -973.541044
1.318439 -971.673043
1.318940 -972.703043
1.319440 -972.783043
1.319941 -971.498043
1.320442 -971.750043
1.320943 -972.242043
1.321443 -972.820043
1.321944 -972.865043
1.322445 -972.449043
1.322946 -971.988043
1.323446 -971.848043
1.323947 -972.612043
1.324448 -973.132044
1.324948 -972.644043
1.325449 -972.683043
1.325950 -972.587043
1.326451 -972.392043
1.326951 -972.001043
1.327452 -971.020043
1.327953 -970.990043
1.328454 -971.616043
1.328954 -972.036043
1.329455 -971.287043
1.329956 -971.160043
1.330457 -972.737043
1.330957 -973.336044
1.331458 -973.006043
1.331959 -972.314043
1.332459 -971.906043
1.332960 -972.665043
1.333461 -973.828044
1.333962 -973.884044
1.334462 -972.791043
1.334963 -972.700043
1.335464 -972.931043
1.335965 -972.435043
1.336465 -971.517043
1.336966 -971.370043
1.337467 -971.232043
1.337968 -971.354043
1.338468 -972.062043
1.338969 -971.112043
1.339470 -970.948043
1.339971 -971.513043
1.340471 -971.962043
1.340972 -971.967043
1.341473 -971.219043
1.341973 -971.256043
1.342474 -970.780043
1.342975 -971.050043
1.343476 -971.626043
1.343976 -971.036043
1.344477 -970.289043
1.344978 -970.354043
1.345479 -969.726043
1.345979 -968.932043
1.346480 -969.117043
1.346981 -969.859043
1.347482 -970.923043
1.347982 -971.041043
1.348483 -970.545043
1.348984 -970.308043
1.349485 -971.096043
1.349985 -972.421043
1.350486 -972.221043
1.350987 -971.103043
1.351487 -970.469043
1.351988 -971.302043
1.352489 -971.602043
1.352990 -970.933043
1.353490 -970.997043
1.353991 -971.072043
1.354492 -970.455043
1.354993 -968.992043
1.355493 -968.418043
1.355994 -969.683043
1.356495 -971.646043
1.356996 -971.462043
1.357496 -969.638043
1.357997 -969.048043
1.358498 -969.859043
1.358999 -970.550043
1.359499 -970.241043
1.360000 -970.192043
