0.000000 -1151.672051
0.001000 -1151.938051
0.002000 -1152.195052
0.003000 -1152.073052
0.004000 -1152.118052
0.005000 -1153.386052
0.006000 -1153.803052
0.007000 -1153.292052
0.008000 -1154.179052
0.009000 -1154.017052
0.010000 -1154.556052
0.011000 -1154.861052
0.012000 -1154.414052
0.013000 -1155.374052
0.014000 -1155.316052
0.015000 -1154.536052
0.016000 -1155.009052
0.017000 -1156.180052
0.018000 -1155.725052
0.019000 -1155.558052
0.020000 -1155.682052
0.021000 -1155.534052
0.022000 -1156.708052
0.023000 -1156.505052
0.024000 -1156.226052
0.025000 -1156.311052
0.026000 -1156.334052
0.027000 -1157.381052
0.028000 -1157.313052
0.029000 -1157.251052
0.030000 -1157.950052
0.031000 -1158.226052
0.032000 -1156.572052
0.033000 -1156.491052
0.034000 -1158.156052
0.035000 -1158.244052
0.036000 -1158.756052
0.037000 -1158.271052
0.038000 -1158.873052
0.039000 -1160.007052
0.040000 -1159.511052
0.041000 -1159.805052
0.042000 -1159.450052
0.043000 -1159.263052
0.044000 -1159.997052
0.045000 -1160.009052
0.046000 -1159.900052
0.047000 -1160.637052
0.048000 -1160.619052
0.049000 -1160.256052
0.050000 -1161.278052
0.051000 -1161.056052
0.052000 -1161.096052
0.053000 -1161.804052
0.054000 -1160.958052
0.055000 -1160.784052
0.056000 -1161.006052
0.057000 -1161.492052
0.058000 -1161.470052
0.059000 -1160.639052
0.060000 -1161.015052
0.061000 -1161.897052
0.062000 -1161.661052
0.063000 -1160.960052
0.064000 -1161.780052
0.065000 -1162.331052
0.066000 -1162.403052
0.067000 -1162.021052
0.068000 -1161.604052
0.069000 -1162.992052
0.070000 -1162.859052
0.071000 -1161.162052
0.072000 -1161.678052
0.073000 -1163.471052
0.074000 -1163.493052
0.075000 -1162.811052
0.076000 -1163.027052
0.077000 -1163.225052
0.078000 -1163.782052
0.079000 -1163.136052
0.080000 -1161.462052
0.081000 -1161.129052
0.082000 -1162.366052
0.083000 -1163.602052
0.084000 -1162.904052
0.085000 -1163.030052
0.086000 -1163.940052
0.087000 -1162.991052
0.088000 -1162.321052
0.089000 -1163.115052
0.090000 -1163.942052
0.091000 -1163.699052
0.092000 -1163.899052
0.093000 -1163.925052
0.094000 -1164.052052
0.095000 -1163.755052
0.096000 -1162.706052
0.097000 -1163.924052
0.098000 -1164.436052
0.099000 -1164.159052
0.100000 -1164.631052
0.101000 -1164.083052
0.102000 -1163.662052
0.103000 -1164.419052
0.104000 -1164.966052
0.105000 -1164.736052
0.106000 -1164.977052
0.107000 -1164.739052
0.108000 -1165.059052
0.109000 -1165.580052
0.110000 -1164.940052
0.111000 -1165.665052
0.112000 -1166.293052
0.113000 -1166.078052
0.114000 -1166.055052
0.115000 -1166.596052
0.116000 -1167.169052
0.117000 -1166.695052
0.118000 -1166.758052
0.119000 -1167.267052
0.120000 -1167.841052
0.121000 -1166.897052
0.122000 -1166.535052
0.123000 -1167.873052
0.124000 -1167.164052
0.125000 -1167.491052
0.126000 -1166.788052
0.127000 -1165.542052
0.128000 -1166.903052
0.129000 -1167.907052
0.130000 -1168.904052
0.131000 -1168.706052
0.132000 -1168.517052
0.133000 -1168.805052
0.134000 -1168.898052
0.135000 -1168.660052
0.136000 -1168.592052
0.137000 -1169.520052
0.138000 -1168.945052
0.139000 -1169.093052
0.140000 -1169.365052
0.141000 -1168.545052
0.142000 -1169.099052
0.143000 -1169.620052
0.144000 -1168.929052
0.145000 -1168.982052
0.146000 -1170.332052
0.147000 -1170.827052
0.148000 -1170.979052
0.149000 -1171.078052
0.150000 -1171.284052
0.151000 -1171.778052
0.152000 -1170.591052
0.153000 -1171.327052
0.154000 -1172.589052
0.155000 -1171.852052
0.156000 -1172.279052
0.157000 -1172.305052
0.158000 -1172.705052
0.159000 -1172.965052
0.160000 -1172.717052
0.161000 -1173.090052
0.162000 -1173.561052
0.163000 -1173.632052
0.164000 -1172.434052
0.165000 -1172.838052
0.166000 -1173.276052
0.167000 -1174.016052
0.168000 -1174.325052
0.169000 -1173.485052
0.170000 -1173.350052
0.171000 -1171.278052
0.172000 -1171.679052
0.173000 -1173.611052
0.174000 -1173.725052
0.175000 -1174.472053
0.176000 -1174.796053
0.177000 -1174.634053
0.178000 -1175.178053
0.179000 -1175.942053
0.180000 -1175.937053
0.181000 -1176.146053
0.182000 -1176.563053
0.183000 -1176.789053
0.184000 -1177.349053
0.185000 -1176.570053
0.186000 -1176.883053
0.187000 -1177.539053
0.188000 -1176.573053
0.189000 -1175.887053
0.190000 -1176.455053
0.191000 -1177.314053
0.192000 -1177.243053
0.193000 -1178.097053
0.194000 -1178.294053
0.195000 -1178.357053
0.196000 -1178.834053
0.197000 -1178.537053
0.198000 -1178.915053
0.199000 -1178.472053
0.200000 -1178.836053
0.201000 -1179.549053
0.202000 -1179.016053
0.203000 -1179.635053
0.204000 -1180.259053
0.205000 -1180.521053
0.206000 -1180.023053
0.207000 -1180.098053
0.208000 -1180.236053
0.209000 -1180.074053
0.210000 -1180.280053
0.211000 -1180.203053
0.212000 -1181.340053
0.213000 -1181.067053
0.214000 -1180.670053
0.215000 -1181.505053
0.216000 -1180.798053
0.217000 -1180.349053
0.218000 -1180.879053
0.219000 -1181.242053
0.220000 -1181.522053
0.221000 -1182.513053
0.222000 -1182.837053
0.223000 -1182.725053
0.224000 -1182.657053
0.225000 -1181.972053
0.226000 -1182.850053
0.227000 -1182.948053
0.228000 -1182.536053
0.229000 -1183.331053
0.230000 -1183.626053
0.231000 -1184.269053
0.232000 -1183.862053
0.233000 -1183.540053
0.234000 -1184.342053
0.235000 -1183.826053
0.236000 -1183.484053
0.237000 -1185.109053
0.238000 -1185.696053
0.239000 -1183.871053
0.240000 -1184.072053
0.241000 -1185.266053
0.242000 -1185.867053
0.243000 -1186.619053
0.244000 -1186.155053
0.245000 -1186.774053
0.246000 -1187.267053
0.247000 -1186.819053
0.248000 -1187.343053
0.249000 -1188.184053
0.250000 -1188.048053
0.251000 -1188.232053
0.252000 -1188.492053
0.253000 -1188.079053
0.254000 -1188.701053
0.255000 -1187.750053
0.256000 -1187.724053
0.257000 -1189.740053
0.258000 -1189.345053
0.259000 -1189.236053
0.260000 -1189.479053
0.261000 -1189.679053
0.262000 -1190.248053
0.263000 -1189.854053
0.264000 -1189.889053
0.265000 -1190.259053
0.266000 -1190.929053
0.267000 -1190.778053
0.268000 -1190.518053
0.269000 -1190.494053
0.270000 -1190.345053
0.271000 -1191.566053
0.272000 -1191.735053
0.273000 -1192.396053
0.274000 -1192.877053
0.275000 -1192.740053
0.276000 -1193.574053
0.277000 -1192.913053
0.278000 -1192.552053
0.279000 -1193.006053
0.280000 -1193.631053
0.281000 -1193.919053
0.282000 -1192.931053
0.283000 -1191.934053
0.284000 -1192.833053
0.285000 -1194.278053
0.286000 -1193.693053
0.287000 -1194.344053
0.288000 -1195.009053
0.289000 -1194.027053
0.290000 -1194.509053
0.291000 -1194.888053
0.292000 -1194.564053
0.293000 -1194.720053
0.294000 -1195.290053
0.295000 -1195.543053
0.296000 -1195.643053
0.297000 -1195.833053
0.298000 -1195.660053
0.299000 -1196.011053
0.300000 -1196.082053
0.301000 -1196.670053
0.302000 -1196.828054
0.303000 -1196.513053
0.304000 -1197.383054
0.305000 -1197.258054
0.306000 -1196.929054
0.307000 -1197.219054
0.308000 -1197.415054
0.309000 -1197.361054
0.310000 -1197.120054
0.311000 -1197.130054
0.312000 -1197.244054
0.313000 -1197.982054
0.314000 -1198.117054
0.315000 -1198.340054
0.316000 -1198.615054
0.317000 -1198.177054
0.318000 -1199.306054
0.319000 -1199.333054
0.320000 -1198.773054
0.321000 -1199.419054
0.322000 -1199.212054
0.323000 -1199.280054
0.324000 -1199.596054
0.325000 -1199.796054
0.326000 -1199.139054
0.327000 -1198.086054
0.328000 -1198.312054
0.329000 -1199.968054
0.330000 -1201.195054
0.331000 -1200.334054
0.332000 -1200.375054
0.333000 -1199.633054
0.334000 -1197.470054
0.335000 -1197.833054
0.336000 -1200.020054
0.337000 -1199.994054
0.338000 -1197.899054
0.339000 -1199.372054
0.340000 -1201.764054
0.341000 -1201.319054
0.342000 -1200.143054
0.343000 -1201.539054
0.344000 -1203.419054
0.345000 -1203.020054
0.346000 -1203.132054
0.347000 -1203.357054
0.348000 -1203.049054
0.349000 -1202.608054
0.350000 -1203.434054
0.351000 -1204.736054
0.352000 -1204.360054
0.353000 -1204.446054
0.354000 -1205.238054
0.355000 -1205.465054
0.356000 -1205.016054
0.357000 -1205.563054
0.358000 -1206.623054
0.359000 -1205.760054
0.360000 -1205.980054
0.361000 -1206.330054
0.362000 -1206.563054
0.363000 -1207.502054
0.364000 -1206.562054
0.365000 -1206.586054
0.366000 -1207.541054
0.367000 -1207.683054
0.368000 -1207.644054
0.369000 -1208.048054
0.370000 -1207.471054
0.371000 -1206.300054
0.372000 -1207.981054
0.373000 -1208.835054
0.374000 -1208.380054
0.375000 -1208.738054
0.376000 -1209.110054
0.377000 -1209.205054
0.378000 -1208.844054
0.379000 -1209.318054
0.380000 -1209.023054
0.381000 -1208.758054
0.382000 -1209.765054
0.383000 -1210.548054
0.384000 -1210.087054
0.385000 -1209.650054
0.386000 -1209.830054
0.387000 -1209.440054
0.388000 -1210.293054
0.389000 -1210.444054
0.390000 -1210.272054
0.391000 -1210.794054
0.392000 -1210.420054
0.393000 -1211.136054
0.394000 -1211.525054
0.395000 -1211.740054
0.396000 -1211.739054
0.397000 -1211.544054
0.398000 -1212.399054
0.399000 -1212.379054
0.400000 -1212.078054
0.401000 -1211.383054
0.402000 -1212.334054
0.403000 -1211.541054
0.404000 -1210.075054
0.405000 -1212.646054
0.406000 -1212.159054
0.407000 -1212.069054
0.408000 -1212.584054
0.409000 -1212.119054
0.410000 -1213.075054
0.411000 -1212.987054
0.412000 -1212.301054
0.413000 -1212.036054
0.414000 -1213.489054
0.415000 -1213.233054
0.416000 -1213.017054
0.417000 -1214.306054
0.418000 -1214.001054
0.419000 -1214.200054
0.420000 -1214.058054
0.421000 -1214.563054
0.422000 -1215.052054
0.423000 -1214.213054
0.424000 -1215.110054
0.425000 -1215.863054
0.426000 -1215.167054
0.427000 -1214.962054
0.428000 -1215.268054
0.429000 -1214.799054
0.430000 -1215.362054
0.431000 -1215.442054
0.432000 -1214.158054
0.433000 -1215.463054
0.434000 -1215.816054
0.435000 -1215.671054
0.436000 -1216.955054
0.437000 -1217.034054
0.438000 -1217.588054
0.439000 -1218.199054
0.440000 -1218.017054
0.441000 -1217.831054
0.442000 -1218.124054
0.443000 -1218.187054
0.444000 -1217.892054
0.445000 -1218.156054
0.446000 -1218.298054
0.447000 -1218.393054
0.448000 -1217.923054
0.449000 -1218.044054
0.450000 -1218.573054
0.451000 -1219.012054
0.452000 -1219.498055
0.453000 -1218.872054
0.454000 -1218.989054
0.455000 -1219.273055
0.456000 -1219.130054
0.457000 -1219.759055
0.458000 -1220.223055
0.459000 -1220.075055
0.460000 -1220.048055
0.461000 -1221.377055
0.462000 -1221.544055
0.463000 -1220.795055
0.464000 -1221.943055
0.465000 -1222.785055
0.466000 -1223.400055
0.467000 -1222.963055
0.468000 -1222.395055
0.469000 -1223.324055
0.470000 -1223.619055
0.471000 -1223.287055
0.472000 -1224.193055
0.473000 -1225.226055
0.474000 -1224.525055
0.475000 -1225.168055
0.476000 -1225.405055
0.477000 -1225.785055
0.478000 -1227.360055
0.479000 -1226.467055
0.480000 -1226.030055
0.481000 -1226.205055
0.482000 -1226.246055
0.483000 -1227.095055
0.484000 -1227.276055
0.485000 -1227.080055
0.486000 -1227.603055
0.487000 -1228.476055
0.488000 -1227.391055
0.489000 -1227.392055
0.490000 -1228.450055
0.491000 -1228.688055
0.492000 -1229.207055
0.493000 -1228.518055
0.494000 -1229.443055
0.495000 -1230.345055
0.496000 -1229.557055
0.497000 -1229.677055
0.498000 -1229.632055
0.499000 -1229.965055
0.500000 -1230.841055
0.501000 -1230.665055
0.502000 -1230.075055
0.503000 -1231.896055
0.504000 -1232.733055
0.505000 -1230.653055
0.506000 -1231.408055
0.507000 -1232.235055
0.508000 -1231.832055
0.509000 -1231.631055
0.510000 -1232.260055
0.511000 -1233.247055
0.512000 -1232.812055
0.513000 -1230.042055
0.514000 -1203.262054
0.515000 -1171.132052
0.516000 -1165.648052
0.517000 -1166.366052
0.518000 -1165.071052
0.519000 -1165.573052
0.520000 -1167.152052
0.521000 -1166.849052
0.522000 -1166.645052
0.523000 -1166.632052
0.524000 -1166.235052
0.525000 -1166.475052
0.526000 -1167.325052
0.527000 -1166.971052
0.528000 -1167.002052
0.529000 -1159.641052
0.530000 -1146.847051
0.531000 -1155.555052
0.532000 -1166.078052
0.533000 -1165.874052
0.534000 -1167.434052
0.535000 -1166.848052
0.536000 -1167.771052
0.537000 -1168.448052
0.538000 -1167.329052
0.539000 -1168.060052
0.540000 -1168.810052
0.541000 -1169.196052
0.542000 -1169.614052
0.543000 -1168.669052
0.544000 -1167.948052
0.545000 -1169.133052
0.546000 -1169.332052
0.547000 -1168.613052
0.548000 -1169.243052
0.549000 -1169.583052
0.550000 -1170.494052
0.551000 -1170.570052
0.552000 -1169.920052
0.553000 -1170.111052
0.554000 -1169.686052
0.555000 -1169.818052
0.556000 -1170.311052
0.557000 -1171.114052
0.558000 -1170.987052
0.559000 -1169.984052
0.560000 -1170.476052
0.561000 -1170.644052
0.562000 -1170.351052
0.563000 -1170.510052
0.564000 -1171.744052
0.565000 -1171.153052
0.566000 -1170.242052
0.567000 -1172.044052
0.568000 -1171.780052
0.569000 -1171.637052
0.570000 -1172.269052
0.571000 -1172.384052
0.572000 -1172.604052
0.573000 -1172.519052
0.574000 -1172.681052
0.575000 -1172.091052
0.576000 -1172.462052
0.577000 -1172.354052
0.578000 -1172.356052
0.579000 -1173.468052
0.580000 -1173.211052
0.581000 -1173.492052
0.582000 -1173.835052
0.583000 -1173.885052
0.584000 -1174.083052
0.585000 -1173.038052
0.586000 -1173.052052
0.587000 -1174.299052
0.588000 -1175.058053
0.589000 -1175.373053
0.590000 -1175.402053
0.591000 -1174.738053
0.592000 -1176.185053
0.593000 -1177.427053
0.594000 -1175.671053
0.595000 -1176.085053
0.596000 -1176.628053
0.597000 -1176.726053
0.598000 -1177.461053
0.599000 -1176.461053
0.600000 -1176.591053
0.601000 -1177.445053
0.602000 -1177.701053
0.603000 -1177.383053
0.604000 -1176.835053
0.605000 -1177.315053
0.606000 -1178.648053
0.607000 -1178.307053
0.608000 -1175.697053
0.609000 -1176.408053
0.610000 -1178.387053
0.611000 -1178.380053
0.612000 -1178.185053
0.613000 -1178.300053
0.614000 -1178.576053
0.615000 -1178.564053
0.616000 -1178.437053
0.617000 -1178.363053
0.618000 -1178.953053
0.619000 -1178.951053
0.620000 -1178.688053
0.621000 -1179.391053
0.622000 -1179.729053
0.623000 -1180.730053
0.624000 -1180.360053
0.625000 -1178.355053
0.626000 -1178.742053
0.627000 -1179.433053
0.628000 -1179.783053
0.629000 -1180.027053
0.630000 -1180.318053
0.631000 -1180.929053
0.632000 -1180.938053
0.633000 -1180.745053
0.634000 -1181.654053
0.635000 -1182.156053
0.636000 -1180.746053
0.637000 -1181.091053
0.638000 -1182.134053
0.639000 -1181.941053
0.640000 -1182.502053
0.641000 -1182.359053
0.642000 -1181.915053
0.643000 -1181.894053
0.644000 -1181.597053
0.645000 -1181.945053
0.646000 -1182.789053
0.647000 -1183.081053
0.648000 -1182.766053
0.649000 -1183.102053
0.650000 -1183.316053
0.651000 -1184.098053
0.652000 -1184.341053
0.653000 -1183.764053
0.654000 -1184.343053
0.655000 -1184.154053
0.656000 -1184.847053
0.657000 -1185.216053
0.658000 -1184.522053
0.659000 -1185.323053
0.660000 -1186.156053
0.661000 -1186.403053
0.662000 -1185.885053
0.663000 -1186.152053
0.664000 -1186.089053
0.665000 -1186.199053
0.666000 -1186.369053
0.667000 -1185.354053
0.668000 -1186.470053
0.669000 -1186.341053
0.670000 -1185.495053
0.671000 -1186.187053
0.672000 -1186.092053
0.673000 -1186.948053
0.674000 -1187.668053
0.675000 -1185.965053
0.676000 -1184.982053
0.677000 -1186.347053
0.678000 -1187.474053
0.679000 -1188.224053
0.680000 -1188.601053
0.681000 -1188.264053
0.682000 -1188.965053
0.683000 -1189.204053
0.684000 -1188.767053
0.685000 -1188.260053
0.686000 -1188.276053
0.687000 -1189.356053
0.688000 -1189.607053
0.689000 -1189.301053
0.690000 -1189.441053
0.691000 -1190.350053
0.692000 -1190.584053
0.693000 -1190.075053
0.694000 -1190.145053
0.695000 -1190.816053
0.696000 -1191.057053
0.697000 -1190.060053
0.698000 -1190.909053
0.699000 -1191.579053
0.700000 -1190.356053
0.701000 -1190.824053
0.702000 -1191.249053
0.703000 -1191.379053
0.704000 -1190.810053
0.705000 -1190.753053
0.706000 -1191.738053
0.707000 -1192.503053
0.708000 -1192.740053
0.709000 -1192.235053
0.710000 -1193.178053
0.711000 -1192.945053
0.712000 -1192.537053
0.713000 -1192.932053
0.714000 -1192.642053
0.715000 -1194.046053
0.716000 -1194.053053
0.717000 -1193.250053
0.718000 -1194.319053
0.719000 -1195.070053
0.720000 -1195.459053
0.721000 -1195.599053
0.722000 -1195.872053
0.723000 -1196.187053
0.724000 -1196.369053
0.725000 -1196.474053
0.726000 -1197.187054
0.727000 -1197.035054
0.728000 -1196.542053
0.729000 -1197.885054
0.730000 -1198.004054
0.731000 -1197.818054
0.732000 -1198.337054
0.733000 -1198.288054
0.734000 -1198.691054
0.735000 -1198.983054
0.736000 -1198.873054
0.737000 -1198.712054
0.738000 -1199.679054
0.739000 -1199.723054
0.740000 -1199.232054
0.741000 -1199.877054
0.742000 -1199.783054
0.743000 -1200.342054
0.744000 -1200.134054
0.745000 -1199.939054
0.746000 -1200.608054
0.747000 -1200.193054
0.748000 -1200.373054
0.749000 -1200.672054
0.750000 -1200.934054
0.751000 -1201.258054
0.752000 -1202.059054
0.753000 -1201.837054
0.754000 -1201.108054
0.755000 -1201.930054
0.756000 -1201.635054
0.757000 -1202.115054
0.758000 -1202.436054
0.759000 -1202.026054
0.760000 -1202.896054
0.761000 -1202.865054
0.762000 -1202.879054
0.763000 -1203.257054
0.764000 -1204.122054
0.765000 -1204.431054
0.766000 -1204.000054
0.767000 -1203.939054
0.768000 -1204.807054
0.769000 -1205.241054
0.770000 -1204.227054
0.771000 -1205.242054
0.772000 -1206.378054
0.773000 -1205.628054
0.774000 -1205.635054
0.775000 -1205.879054
0.776000 -1206.462054
0.777000 -1206.941054
0.778000 -1206.564054
0.779000 -1206.806054
0.780000 -1208.143054
0.781000 -1207.954054
0.782000 -1207.129054
0.783000 -1207.886054
0.784000 -1207.896054
0.785000 -1208.362054
0.786000 -1208.339054
0.787000 -1207.929054
0.788000 -1208.877054
0.789000 -1208.866054
0.790000 -1209.066054
0.791000 -1209.490054
0.792000 -1209.359054
0.793000 -1209.035054
0.794000 -1209.414054
0.795000 -1209.568054
0.796000 -1209.527054
0.797000 -1210.367054
0.798000 -1210.140054
0.799000 -1211.033054
0.800000 -1211.440054
0.801000 -1210.605054
0.802000 -1211.633054
0.803000 -1211.312054
0.804000 -1211.101054
0.805000 -1211.653054
0.806000 -1211.734054
0.807000 -1212.178054
0.808000 -1212.313054
0.809000 -1212.642054
0.810000 -1212.009054
0.811000 -1212.853054
0.812000 -1212.998054
0.813000 -1212.655054
0.814000 -1213.745054
0.815000 -1218.431054
0.816000 -1246.982056
0.817000 -1276.454057
0.818000 -1281.591057
0.819000 -1282.661057
0.820000 -1283.064057
0.821000 -1282.725057
0.822000 -1282.947057
0.823000 -1283.251057
0.824000 -1283.629057
0.825000 -1284.004057
0.826000 -1283.769057
0.827000 -1284.201057
0.828000 -1285.004057
0.829000 -1284.454057
0.830000 -1284.889057
0.831000 -1284.688057
0.832000 -1284.716057
0.833000 -1285.726057
0.834000 -1285.874057
0.835000 -1285.370057
0.836000 -1285.466057
0.837000 -1285.889057
0.838000 -1285.808057
0.839000 -1286.339058
0.840000 -1286.164057
0.841000 -1286.385058
0.842000 -1286.840058
0.843000 -1286.501058
0.844000 -1287.245058
0.845000 -1287.345058
0.846000 -1287.982058
0.847000 -1288.521058
0.848000 -1287.607058
0.849000 -1287.584058
0.850000 -1287.650058
0.851000 -1288.431058
0.852000 -1289.163058
0.853000 -1289.639058
0.854000 -1290.042058
0.855000 -1290.355058
0.856000 -1290.419058
0.857000 -1289.594058
0.858000 -1290.784058
0.859000 -1291.440058
0.860000 -1291.243058
0.861000 -1291.692058
0.862000 -1291.784058
0.863000 -1292.114058
0.864000 -1292.376058
0.865000 -1292.566058
0.866000 -1292.300058
0.867000 -1292.947058
0.868000 -1293.346058
0.869000 -1292.776058
0.870000 -1293.328058
0.871000 -1293.804058
0.872000 -1294.448058
0.873000 -1294.327058
0.874000 -1294.188058
0.875000 -1294.820058
0.876000 -1294.346058
0.877000 -1294.795058
0.878000 -1295.737058
0.879000 -1295.528058
0.880000 -1294.986058
0.881000 -1295.250058
0.882000 -1295.656058
0.883000 -1296.113058
0.884000 -1296.547058
0.885000 -1295.753058
0.886000 -1296.442058
0.887000 -1297.083058
0.888000 -1296.797058
0.889000 -1297.222058
0.890000 -1297.115058
0.891000 -1297.941058
0.892000 -1298.419058
0.893000 -1297.977058
0.894000 -1297.733058
0.895000 -1298.308058
0.896000 -1298.737058
0.897000 -1297.793058
0.898000 -1297.808058
0.899000 -1298.821058
0.900000 -1300.231058
0.901000 -1299.851058
0.902000 -1299.305058
0.903000 -1300.661058
0.904000 -1300.550058
0.905000 -1300.673058
0.906000 -1300.665058
0.907000 -1300.396058
0.908000 -1301.119058
0.909000 -1301.043058
0.910000 -1301.165058
0.911000 -1301.421058
0.912000 -1301.650058
0.913000 -1302.185058
0.914000 -1303.034058
0.915000 -1302.733058
0.916000 -1302.222058
0.917000 -1303.267058
0.918000 -1303.469058
0.919000 -1303.635058
0.920000 -1303.508058
0.921000 -1303.178058
0.922000 -1304.250058
0.923000 -1304.552058
0.924000 -1303.498058
0.925000 -1303.994058
0.926000 -1305.309058
0.927000 -1305.127058
0.928000 -1305.390058
0.929000 -1305.138058
0.930000 -1305.505058
0.931000 -1307.183058
0.932000 -1306.588058
0.933000 -1306.214058
0.934000 -1306.278058
0.935000 -1306.721058
0.936000 -1307.922058
0.937000 -1307.635058
0.938000 -1307.045058
0.939000 -1307.750058
0.940000 -1309.409059
0.941000 -1309.127059
0.942000 -1308.578058
0.943000 -1308.882059
0.944000 -1309.298059
0.945000 -1310.771059
0.946000 -1310.289059
0.947000 -1309.689059
0.948000 -1310.224059
0.949000 -1310.930059
0.950000 -1311.584059
0.951000 -1311.123059
0.952000 -1311.422059
0.953000 -1312.135059
0.954000 -1312.209059
0.955000 -1311.594059
0.956000 -1312.065059
0.957000 -1312.842059
0.958000 -1312.804059
0.959000 -1313.235059
0.960000 -1312.851059
0.961000 -1313.280059
0.962000 -1313.525059
0.963000 -1313.441059
0.964000 -1314.108059
0.965000 -1313.550059
0.966000 -1313.179059
0.967000 -1313.061059
0.968000 -1312.504059
0.969000 -1312.583059
0.970000 -1312.844059
0.971000 -1313.039059
0.972000 -1313.966059
0.973000 -1314.768059
0.974000 -1314.152059
0.975000 -1314.772059
0.976000 -1315.940059
0.977000 -1315.257059
0.978000 -1315.335059
0.979000 -1315.596059
0.980000 -1316.053059
0.981000 -1316.644059
0.982000 -1316.430059
0.983000 -1316.006059
0.984000 -1315.381059
0.985000 -1314.814059
0.986000 -1314.854059
0.987000 -1316.508059
0.988000 -1317.073059
0.989000 -1316.893059
0.990000 -1317.510059
0.991000 -1317.295059
0.992000 -1317.868059
0.993000 -1318.395059
0.994000 -1318.553059
0.995000 -1318.691059
0.996000 -1317.888059
0.997000 -1317.903059
0.998000 -1319.029059
0.999000 -1318.966059
1.000000 -1317.245059
