0.000000 -20843.402932
0.000200 -20843.402932
0.000400 -20843.912932
0.000600 -20845.703932
0.000800 -20846.342932
0.001000 -20845.898932
0.001200 -20846.725932
0.001400 -20847.814932
0.001600 -20848.965932
0.001800 -20849.350932
0.002000 -20849.225932
0.002200 -20849.223932
0.002400 -20850.309932
0.002600 -20852.092932
0.002800 -20851.146932
0.003000 -20850.061932
0.003200 -20850.691932
0.003400 -20851.270932
0.003600 -20850.953932
0.003800 -20850.506932
0.004000 -20850.314932
0.004200 -20850.313932
0.004400 -20850.248932
0.004600 -20849.801932
0.004800 -20849.354932
0.005000 -20849.480932
0.005200 -20848.971932
0.005400 -20848.906932
0.005600 -20850.496932
0.005800 -20851.139932
0.006000 -20852.354932
0.006200 -20853.441932
0.006400 -20852.047932
0.006600 -20850.320932
0.006800 -20849.229932
0.007000 -20850.309932
0.007200 -20851.139932
0.007400 -20849.934932
0.007600 -20848.717932
0.007800 -20848.586932
0.008000 -20849.223932
0.008200 -20848.906932
0.008400 -20848.906932
0.008600 -20847.564932
0.008800 -20847.943932
0.009000 -20849.348932
0.009200 -20849.160932
0.009400 -20847.246932
0.009600 -20845.963932
0.009800 -20846.535932
0.010000 -20847.365932
0.010200 -20848.262932
0.010400 -20848.072932
0.010600 -20847.242932
0.010800 -20848.582932
0.011000 -20849.348932
0.011200 -20848.457932
0.011400 -20848.393932
0.011600 -20849.348932
0.011800 -20851.262932
0.012000 -20852.416932
0.012200 -20852.295932
0.012400 -20852.551932
0.012600 -20853.695932
0.012800 -20854.973932
0.013000 -20854.156932
0.013200 -20852.113932
0.013400 -20850.957932
0.013600 -20850.695932
0.013800 -20852.285932
0.014000 -20854.139932
0.014200 -20853.643932
0.014400 -20853.449932
0.014600 -20854.652932
0.014800 -20853.836932
0.015000 -20853.385932
0.015200 -20853.254932
0.015400 -20853.699932
0.015600 -20855.037932
0.015800 -20854.664932
0.016000 -20854.980932
0.016200 -20855.684932
0.016400 -20856.385932
0.016600 -20856.010932
0.016800 -20855.564932
0.017000 -20854.668932
0.017200 -20854.980932
0.017400 -20856.570932
0.017600 -20856.393932
0.017800 -20855.818932
0.018000 -20857.844932
0.018200 -20858.813932
0.018400 -20857.174932
0.018600 -20856.078932
0.018800 -20855.500932
0.019000 -20854.795932
0.019200 -20854.789932
0.019400 -20856.506932
0.019600 -20856.012932
0.019800 -20854.162932
0.020000 -20856.309932
0.020200 -20856.771932
0.020400 -20856.395932
0.020600 -20856.137932
0.020800 -20856.324932
0.021000 -20857.340932
0.021200 -20858.238932
0.021400 -20859.830933
0.021600 -20858.832932
0.021800 -20857.871932
0.022000 -20859.066932
0.022200 -20859.459932
0.022400 -20858.195932
0.022600 -20857.738932
0.022800 -20857.861932
0.023000 -20857.926932
0.023200 -20858.621932
0.023400 -20859.518932
0.023600 -20860.031933
0.023800 -20861.809933
0.024000 -20863.473933
0.024200 -20862.545933
0.024400 -20861.203933
0.024600 -20860.365933
0.024800 -20859.852933
0.025000 -20860.859933
0.025200 -20862.137933
0.025400 -20862.973933
0.025600 -20863.930933
0.025800 -20864.258933
0.026000 -20864.324933
0.026200 -20864.072933
0.026400 -20861.918933
0.026600 -20861.197933
0.026800 -20863.465933
0.027000 -20866.082933
0.027200 -20865.801933
0.027400 -20865.859933
0.027600 -20868.379933
0.027800 -20867.789933
0.028000 -20865.381933
0.028200 -20863.959933
0.028400 -20864.510933
0.028600 -20866.156933
0.028800 -20866.119933
0.029000 -20866.559933
0.029200 -20867.195933
0.029400 -20867.395933
0.029600 -20867.145933
0.029800 -20866.762933
0.030000 -20865.871933
0.030200 -20866.553933
0.030400 -20868.203933
0.030600 -20868.102933
0.030800 -20868.098933
0.031000 -20867.910933
0.031200 -20867.656933
0.031400 -20869.289933
0.031600 -20870.008933
0.031800 -20868.949933
0.032000 -20868.934933
0.032200 -20870.002933
0.032400 -20870.273933
0.032600 -20870.023933
0.032800 -20869.830933
0.033000 -20870.898933
0.033200 -20871.104933
0.033400 -20870.668933
0.033600 -20871.162933
0.033800 -20870.480933
0.034000 -20871.035933
0.034200 -20873.557933
0.034400 -20875.299933
0.034600 -20874.766933
0.034800 -20874.254933
0.035000 -20874.559933
0.035200 -20874.879933
0.035400 -20874.256933
0.035600 -20873.615933
0.035800 -20872.977933
0.036000 -20872.713933
0.036200 -20874.027933
0.036400 -20875.369933
0.036600 -20876.713933
0.036800 -20876.676933
0.037000 -20875.609933
0.037200 -20876.402933
0.037400 -20877.232933
0.037600 -20876.686933
0.037800 -20876.988933
0.038000 -20878.184933
0.038200 -20878.523933
0.038400 -20878.279933
0.038600 -20879.025933
0.038800 -20881.354933
0.039000 -20882.658934
0.039200 -20882.504934
0.039400 -20882.248934
0.039600 -20882.180934
0.039800 -20881.113933
0.040000 -20881.652933
0.040200 -20882.539934
0.040400 -20881.688933
0.040600 -20882.166934
0.040800 -20883.176934
0.041000 -20882.076934
0.041200 -20881.174933
0.041400 -20881.840933
0.041600 -20882.730934
0.041800 -20884.811934
0.042000 -20887.355934
0.042200 -20887.549934
0.042400 -20886.742934
0.042600 -20887.281934
0.042800 -20887.855934
0.043000 -20887.313934
0.043200 -20887.172934
0.043400 -20887.791934
0.043600 -20888.619934
0.043800 -20888.330934
0.044000 -20888.320934
0.044200 -20889.813934
0.044400 -20890.293934
0.044600 -20889.994934
0.044800 -20890.172934
0.045000 -20890.609934
0.045200 -20890.189934
0.045400 -20890.176934
0.045600 -20891.975934
0.045800 -20892.652934
0.046000 -20891.307934
0.046200 -20890.455934
0.046400 -20891.301934
0.046600 -20892.010934
0.046800 -20891.783934
0.047000 -20891.715934
0.047200 -20892.582934
0.047400 -20894.775934
0.047600 -20895.775934
0.047800 -20894.629934
0.048000 -20893.660934
0.048200 -20893.754934
0.048400 -20894.811934
0.048600 -20895.096934
0.048800 -20894.482934
0.049000 -20894.834934
0.049200 -20895.096934
0.049400 -20896.217934
0.049600 -20897.738934
0.049800 -20898.777934
0.050000 -20899.063934
0.050200 -20898.947934
0.050400 -20899.375934
0.050600 -20899.143934
0.050800 -20898.641934
0.051000 -20898.559934
0.051200 -20900.102934
0.051400 -20902.502934
0.051600 -20903.021934
0.051800 -20901.002934
0.052000 -20900.926934
0.052200 -20902.346934
0.052400 -20902.398934
0.052600 -20902.027934
0.052800 -20902.137934
0.053000 -20903.252934
0.053200 -20904.588935
0.053400 -20905.992935
0.053600 -20906.354935
0.053800 -20905.504935
0.054000 -20904.730935
0.054200 -20903.160934
0.054400 -20902.855934
0.054600 -20903.277934
0.054800 -20903.355934
0.055000 -20905.449935
0.055200 -20906.762935
0.055400 -20905.336935
0.055600 -20904.723935
0.055800 -20906.117935
0.056000 -20906.174935
0.056200 -20904.879935
0.056400 -20903.906934
0.056600 -20904.176934
0.056800 -20905.236935
0.057000 -20904.908935
0.057200 -20905.508935
0.057400 -20906.334935
0.057600 -20906.365935
0.057800 -20906.795935
0.058000 -20906.566935
0.058200 -20906.004935
0.058400 -20905.551935
0.058600 -20904.488935
0.058800 -20905.428935
0.059000 -20908.049935
0.059200 -20907.605935
0.059400 -20907.705935
0.059600 -20907.402935
0.059800 -20907.020935
0.060000 -20906.574935
0.060200 -20906.189935
0.060400 -20906.666935
0.060600 -20907.668935
0.060800 -20909.184935
0.061000 -20909.488935
0.061200 -20908.701935
0.061400 -20908.053935
0.061600 -20907.904935
0.061800 -20908.021935
0.062000 -20907.105935
0.062200 -20906.395935
0.062400 -20907.287935
0.062600 -20908.121935
0.062800 -20908.340935
0.063000 -20909.086935
0.063200 -20909.176935
0.063400 -20907.768935
0.063600 -20906.418935
0.063800 -20905.996935
0.064000 -20906.043935
0.064200 -20907.764935
0.064400 -20909.125935
0.064600 -20909.426935
0.064800 -20909.129935
0.065000 -20907.949935
0.065200 -20908.021935
0.065400 -20909.625935
0.065600 -20909.938935
0.065800 -20909.457935
0.066000 -20909.926935
0.066200 -20910.070935
0.066400 -20909.893935
0.066600 -20909.148935
0.066800 -20909.117935
0.067000 -20908.748935
0.067200 -20907.627935
0.067400 -20908.133935
0.067600 -20908.463935
0.067800 -20907.738935
0.068000 -20908.322935
0.068200 -20909.086935
0.068400 -20907.457935
0.068600 -20906.590935
0.068800 -20907.295935
0.069000 -20907.814935
0.069200 -20909.188935
0.069400 -20909.918935
0.069600 -20909.520935
0.069800 -20909.438935
0.070000 -20909.684935
0.070200 -20909.631935
0.070400 -20907.969935
0.070600 -20906.547935
0.070800 -20906.492935
0.071000 -20908.090935
0.071200 -20908.709935
0.071400 -20907.441935
0.071600 -20906.527935
0.071800 -20907.537935
0.072000 -20909.113935
0.072200 -20909.119935
0.072400 -20907.887935
0.072600 -20907.715935
0.072800 -20909.551935
0.073000 -20909.873935
0.073200 -20907.980935
0.073400 -20907.164935
0.073600 -20909.035935
0.073800 -20909.238935
0.074000 -20907.953935
0.074200 -20908.270935
0.074400 -20908.838935
0.074600 -20908.676935
0.074800 -20907.746935
0.075000 -20907.523935
0.075200 -20907.025935
0.075400 -20906.512935
0.075600 -20907.045935
0.075800 -20907.377935
0.076000 -20907.512935
0.076200 -20907.518935
0.076400 -20908.008935
0.076600 -20908.705935
0.076800 -20909.898935
0.077000 -20909.641935
0.077200 -20907.479935
0.077400 -20907.020935
0.077600 -20907.496935
0.077800 -20907.578935
0.078000 -20908.010935
0.078200 -20908.643935
0.078400 -20907.932935
0.078600 -20907.041935
0.078800 -20905.775935
0.079000 -20905.170935
0.079200 -20904.658935
0.079400 -20905.008935
0.079600 -20906.189935
0.079800 -20906.053935
0.080000 -20907.275935
0.080200 -20908.246935
0.080400 -20907.424935
0.080600 -20905.668935
0.080800 -20905.043935
0.081000 -20905.143935
0.081200 -20905.949935
0.081400 -20906.658935
0.081600 -20906.254935
0.081800 -20906.053935
0.082000 -20904.752935
0.082200 -20904.207934
0.082400 -20904.867935
0.082600 -20904.707935
0.082800 -20904.207934
0.083000 -20903.574934
0.083200 -20904.350934
0.083400 -20904.813935
0.083600 -20904.398934
0.083800 -20904.629935
0.084000 -20905.744935
0.084200 -20905.297935
0.084400 -20902.379934
0.084600 -20902.824934
0.084800 -20903.523934
0.085000 -20904.164934
0.085200 -20904.990935
0.085400 -20904.219934
0.085600 -20902.465934
0.085800 -20901.533934
0.086000 -20902.365934
0.086200 -20902.398934
0.086400 -20900.424934
0.086600 -20900.164934
0.086800 -20901.637934
0.087000 -20900.275934
0.087200 -20899.297934
0.087400 -20899.816934
0.087600 -20899.715934
0.087800 -20900.328934
0.088000 -20899.301934
0.088200 -20898.645934
0.088400 -20898.932934
0.088600 -20899.559934
0.088800 -20899.951934
0.089000 -20898.484934
0.089200 -20897.131934
0.089400 -20896.467934
0.089600 -20896.879934
0.089800 -20898.070934
0.090000 -20898.420934
0.090200 -20897.254934
0.090400 -20896.287934
0.090600 -20896.750934
0.090800 -20897.076934
0.091000 -20895.973934
0.091200 -20896.492934
0.091400 -20897.748934
0.091600 -20896.307934
0.091800 -20895.387934
0.092000 -20895.607934
0.092200 -20895.490934
0.092400 -20895.795934
0.092600 -20896.734934
0.092800 -20896.520934
0.093000 -20895.645934
0.093200 -20894.871934
0.093400 -20895.961934
0.093600 -20896.740934
0.093800 -20895.527934
0.094000 -20894.619934
0.094200 -20894.219934
0.094400 -20894.145934
0.094600 -20894.453934
0.094800 -20894.463934
0.095000 -20893.348934
0.095200 -20892.816934
0.095400 -20894.102934
0.095600 -20893.834934
0.095800 -20893.389934
0.096000 -20894.182934
0.096200 -20893.338934
0.096400 -20892.691934
0.096600 -20892.672934
0.096800 -20892.857934
0.097000 -20893.109934
0.097200 -20893.244934
0.097400 -20893.992934
0.097600 -20893.271934
0.097800 -20891.510934
0.098000 -20892.199934
0.098200 -20893.031934
0.098400 -20891.566934
0.098600 -20890.340934
0.098800 -20889.434934
0.099000 -20890.092934
0.099200 -20891.664934
0.099400 -20890.531934
0.099600 -20889.811934
0.099800 -20888.799934
0.100000 -20889.391934
0.100200 -20889.844934
0.100400 -20888.801934
0.100600 -20888.332934
0.100800 -20888.506934
0.101000 -20889.072934
0.101200 -20889.398934
0.101400 -20888.287934
0.101600 -20887.512934
0.101800 -20888.234934
0.102000 -20887.883934
0.102200 -20887.809934
0.102400 -20887.559934
0.102600 -20888.051934
0.102800 -20889.619934
0.103000 -20889.166934
0.103200 -20887.908934
0.103400 -20888.246934
0.103600 -20888.068934
0.103800 -20887.006934
0.104000 -20886.729934
0.104200 -20886.533934
0.104400 -20885.406934
0.104600 -20885.314934
0.104800 -20885.938934
0.105000 -20885.953934
0.105200 -20885.330934
0.105400 -20884.379934
0.105600 -20885.350934
0.105800 -20885.813934
0.106000 -20884.641934
0.106200 -20883.549934
0.106400 -20883.209934
0.106600 -20884.262934
0.106800 -20885.473934
0.107000 -20885.129934
0.107200 -20884.871934
0.107400 -20884.680934
0.107600 -20883.799934
0.107800 -20883.215934
0.108000 -20882.764934
0.108200 -20883.316934
0.108400 -20883.393934
0.108600 -20882.707934
0.108800 -20882.504934
0.109000 -20882.248934
0.109200 -20882.428934
0.109400 -20882.559934
0.109600 -20882.186934
0.109800 -20881.426933
0.110000 -20880.723933
0.110200 -20880.645933
0.110400 -20880.643933
0.110600 -20881.141933
0.110800 -20881.090933
0.111000 -20880.090933
0.111200 -20880.441933
0.111400 -20880.637933
0.111600 -20880.393933
0.111800 -20880.074933
0.112000 -20879.504933
0.112200 -20880.178933
0.112400 -20881.131933
0.112600 -20880.340933
0.112800 -20878.883933
0.113000 -20880.039933
0.113200 -20880.629933
0.113400 -20878.262933
0.113600 -20877.270933
0.113800 -20878.564933
0.114000 -20878.971933
0.114200 -20879.543933
0.114400 -20880.805933
0.114600 -20880.082933
0.114800 -20879.379933
0.115000 -20879.488933
0.115200 -20880.053933
0.115400 -20880.629933
0.115600 -20880.080933
0.115800 -20879.004933
0.116000 -20878.414933
0.116200 -20877.275933
0.116400 -20876.246933
0.116600 -20876.855933
0.116800 -20878.246933
0.117000 -20878.711933
0.117200 -20878.035933
0.117400 -20877.768933
0.117600 -20877.889933
0.117800 -20878.955933
0.118000 -20879.789933
0.118200 -20877.744933
0.118400 -20875.629933
0.118600 -20876.215933
0.118800 -20877.416933
0.119000 -20877.693933
0.119200 -20876.695933
0.119400 -20875.105933
0.119600 -20874.762933
0.119800 -20874.881933
0.120000 -20874.756933
0.120200 -20874.691933
0.120400 -20875.129933
0.120600 -20876.205933
0.120800 -20876.416933
0.121000 -20876.732933
0.121200 -20876.676933
0.121400 -20874.354933
0.121600 -20873.994933
0.121800 -20874.678933
0.122000 -20874.127933
0.122200 -20874.869933
0.122400 -20876.012933
0.122600 -20877.162933
0.122800 -20877.186933
0.123000 -20874.301933
0.123200 -20872.043933
0.123400 -20872.695933
0.123600 -20873.523933
0.123800 -20873.789933
0.124000 -20873.982933
0.124200 -20873.297933
0.124400 -20874.227933
0.124600 -20874.744933
0.124800 -20872.996933
0.125000 -20871.895933
0.125200 -20872.379933
0.125400 -20873.957933
0.125600 -20874.113933
0.125800 -20874.242933
0.126000 -20875.436933
0.126200 -20877.150933
0.126400 -20877.877933
0.126600 -20877.703933
0.126800 -20876.445933
0.127000 -20875.416933
0.127200 -20875.646933
0.127400 -20875.465933
0.127600 -20874.078933
0.127800 -20874.113933
0.128000 -20873.613933
0.128200 -20871.906933
0.128400 -20871.625933
0.128600 -20871.055933
0.128800 -20871.105933
0.129000 -20871.422933
0.129200 -20870.926933
0.129400 -20871.355933
0.129600 -20871.363933
0.129800 -20870.924933
0.130000 -20871.043933
0.130200 -20872.488933
0.130400 -20871.887933
0.130600 -20870.934933
0.130800 -20871.543933
0.131000 -20872.939933
0.131200 -20874.719933
0.131400 -20874.316933
0.131600 -20873.238933
0.131800 -20872.465933
0.132000 -20871.887933
0.132200 -20871.625933
0.132400 -20871.621933
0.132600 -20871.996933
0.132800 -20872.379933
0.133000 -20872.891933
0.133200 -20872.521933
0.133400 -20871.637933
0.133600 -20871.557933
0.133800 -20872.436933
0.134000 -20873.143933
0.134200 -20872.779933
0.134400 -20872.207933
0.134600 -20871.943933
0.134800 -20872.254933
0.135000 -20870.811933
0.135200 -20870.473933
0.135400 -20871.035933
0.135600 -20871.924933
0.135800 -20872.254933
0.136000 -20871.191933
0.136200 -20870.480933
0.136400 -20869.461933
0.136600 -20868.816933
0.136800 -20868.740933
0.137000 -20868.488933
0.137200 -20868.736933
0.137400 -20869.307933
0.137600 -20870.762933
0.137800 -20872.172933
0.138000 -20870.938933
0.138200 -20869.027933
0.138400 -20870.004933
0.138600 -20869.770933
0.138800 -20869.764933
0.139000 -20869.826933
0.139200 -20870.018933
0.139400 -20870.586933
0.139600 -20869.463933
0.139800 -20869.004933
0.140000 -20867.674933
0.140200 -20867.463933
0.140400 -20868.785933
0.140600 -20868.932933
0.140800 -20868.492933
0.141000 -20866.973933
0.141200 -20866.760933
0.141400 -20867.953933
0.141600 -20868.918933
0.141800 -20870.002933
0.142000 -20870.586933
0.142200 -20869.840933
0.142400 -20869.766933
0.142600 -20868.254933
0.142800 -20867.221933
0.143000 -20866.889933
0.143200 -20867.137933
0.143400 -20868.213933
0.143600 -20868.480933
0.143800 -20867.160933
0.144000 -20867.457933
0.144200 -20869.098933
0.144400 -20869.691933
0.144600 -20869.010933
0.144800 -20867.988933
0.145000 -20866.965933
0.145200 -20866.568933
0.145400 -20866.879933
0.145600 -20867.137933
0.145800 -20866.637933
0.146000 -20867.197933
0.146200 -20867.141933
0.146400 -20866.445933
0.146600 -20867.383933
0.146800 -20868.090933
0.147000 -20867.471933
0.147200 -20866.893933
0.147400 -20866.064933
0.147600 -20864.854933
0.147800 -20865.658933
0.148000 -20866.615933
0.148200 -20866.125933
0.148400 -20864.285933
0.148600 -20863.441933
0.148800 -20864.693933
0.149000 -20866.287933
0.149200 -20867.129933
0.149400 -20866.887933
0.149600 -20866.318933
0.149800 -20864.857933
0.150000 -20865.342933
0.150200 -20866.420933
0.150400 -20865.301933
0.150600 -20865.285933
0.150800 -20865.223933
0.151000 -20864.842933
0.151200 -20864.014933
0.151400 -20863.629933
0.151600 -20864.822933
0.151800 -20866.100933
0.152000 -20866.309933
0.152200 -20866.309933
0.152400 -20866.184933
0.152600 -20865.863933
0.152800 -20866.176933
0.153000 -20866.748933
0.153200 -20865.811933
0.153400 -20865.670933
0.153600 -20866.111933
0.153800 -20864.855933
0.154000 -20863.258933
0.154200 -20864.248933
0.154400 -20865.334933
0.154600 -20864.971933
0.154800 -20864.018933
0.155000 -20863.941933
0.155200 -20865.330933
0.155400 -20866.297933
0.155600 -20864.857933
0.155800 -20863.256933
0.156000 -20863.428933
0.156200 -20863.996933
0.156400 -20864.512933
0.156600 -20865.023933
0.156800 -20864.965933
0.157000 -20864.840933
0.157200 -20865.277933
0.157400 -20865.791933
0.157600 -20864.785933
0.157800 -20863.699933
0.158000 -20862.736933
0.158200 -20862.156933
0.158400 -20862.908933
0.158600 -20862.980933
0.158800 -20862.729933
0.159000 -20864.430933
0.159200 -20865.590933
0.159400 -20864.531933
0.159600 -20862.557933
0.159800 -20861.838933
0.160000 -20863.662933
0.160200 -20864.254933
0.160400 -20863.631933
0.160600 -20862.482933
0.160800 -20862.344933
0.161000 -20862.342933
0.161200 -20861.012933
0.161400 -20861.566933
0.161600 -20862.965933
0.161800 -20863.234933
0.162000 -20861.910933
0.162200 -20861.766933
0.162400 -20863.473933
0.162600 -20863.621933
0.162800 -20862.988933
0.163000 -20862.918933
0.163200 -20862.473933
0.163400 -20861.773933
0.163600 -20860.816933
0.163800 -20860.553933
0.164000 -20861.309933
0.164200 -20859.797933
0.164400 -20859.465932
0.164600 -20860.348933
0.164800 -20861.307933
0.165000 -20862.332933
0.165200 -20861.139933
0.165400 -20860.365933
0.165600 -20860.863933
0.165800 -20859.477932
0.166000 -20859.082932
0.166200 -20859.650932
0.166400 -20860.223933
0.166600 -20861.115933
0.166800 -20861.314933
0.167000 -20861.002933
0.167200 -20861.313933
0.167400 -20861.316933
0.167600 -20861.002933
0.167800 -20860.998933
0.168000 -20860.238933
0.168200 -20860.355933
0.168400 -20861.117933
0.168600 -20861.758933
0.168800 -20862.713933
0.169000 -20861.840933
0.169200 -20859.105932
0.169400 -20858.951932
0.169600 -20859.648932
0.169800 -20858.830932
0.170000 -20857.744932
0.170200 -20857.861932
0.170400 -20858.686932
0.170600 -20859.455932
0.170800 -20859.209932
0.171000 -20858.635932
0.171200 -20858.377932
0.171400 -20857.168932
0.171600 -20856.016932
0.171800 -20856.068932
0.172000 -20856.832932
0.172200 -20857.662932
0.172400 -20859.191932
0.172600 -20859.965933
0.172800 -20858.707932
0.173000 -20858.377932
0.173200 -20858.943932
0.173400 -20859.268932
0.173600 -20858.699932
0.173800 -20857.488932
0.174000 -20857.287932
0.174200 -20858.111932
0.174400 -20858.119932
0.174600 -20856.848932
0.174800 -20855.822932
0.175000 -20854.988932
0.175200 -20855.363932
0.175400 -20856.064932
0.175600 -20854.799932
0.175800 -20853.836932
0.176000 -20853.385932
0.176200 -20853.383932
0.176400 -20853.254932
0.176600 -20853.891932
0.176800 -20854.975932
0.177000 -20855.998932
0.177200 -20858.227932
0.177400 -20857.738932
0.177600 -20855.002932
0.177800 -20854.791932
0.178000 -20855.682932
0.178200 -20857.146932
0.178400 -20857.160932
0.178600 -20855.508932
0.178800 -20855.686932
0.179000 -20856.322932
0.179200 -20856.326932
0.179400 -20855.248932
0.179600 -20853.902932
0.179800 -20853.832932
0.180000 -20854.021932
0.180200 -20854.150932
0.180400 -20853.643932
0.180600 -20853.256932
0.180800 -20854.971932
0.181000 -20855.174932
0.181200 -20853.840932
0.181400 -20852.750932
0.181600 -20851.852932
0.181800 -20852.418932
0.182000 -20853.693932
0.182200 -20852.559932
0.182400 -20851.533932
0.182600 -20852.736932
0.182800 -20854.521932
0.183000 -20854.725932
0.183200 -20854.662932
0.183400 -20854.535932
0.183600 -20853.262932
0.183800 -20853.191932
0.184000 -20852.107932
0.184200 -20852.102932
0.184400 -20852.039932
0.184600 -20853.057932
0.184800 -20853.061932
0.185000 -20851.854932
0.185200 -20852.293932
0.185400 -20853.186932
0.185600 -20854.652932
0.185800 -20854.027932
0.186000 -20852.750932
0.186200 -20852.426932
0.186400 -20852.295932
0.186600 -20852.041932
0.186800 -20851.848932
0.187000 -20851.910932
0.187200 -20852.357932
0.187400 -20853.186932
0.187600 -20852.557932
0.187800 -20852.742932
0.188000 -20853.379932
0.188200 -20853.064932
0.188400 -20853.254932
0.188600 -20852.426932
0.188800 -20851.723932
0.189000 -20852.355932
0.189200 -20852.867932
0.189400 -20853.252932
0.189600 -20854.463932
0.189800 -20854.535932
0.190000 -20854.473932
0.190200 -20855.170932
0.190400 -20855.494932
0.190600 -20854.541932
0.190800 -20852.881932
0.191000 -20852.871932
0.191200 -20852.426932
0.191400 -20852.551932
0.191600 -20848.725932
0.191800 -20821.459931
0.192000 -20798.582930
0.192200 -20793.107930
0.192400 -20791.045929
0.192600 -20788.668929
0.192800 -20788.055929
0.193000 -20790.014929
0.193200 -20791.244929
0.193400 -20791.021929
0.193600 -20791.846929
0.193800 -20792.379929
0.194000 -20791.635929
0.194200 -20791.537929
0.194400 -20788.504929
0.194600 -20784.930929
0.194800 -20783.600929
0.195000 -20782.664929
0.195200 -20782.439929
0.195400 -20784.695929
0.195600 -20789.104929
0.195800 -20791.734929
0.196000 -20790.826929
0.196200 -20789.645929
0.196400 -20789.449929
0.196600 -20789.160929
0.196800 -20789.797929
0.197000 -20790.309929
0.197200 -20790.787929
0.197400 -20790.301929
0.197600 -20790.535929
0.197800 -20790.186929
0.198000 -20788.895929
0.198200 -20787.418929
0.198400 -20787.656929
0.198600 -20789.141929
0.198800 -20789.174929
0.199000 -20788.318929
0.199200 -20788.645929
0.199400 -20789.123929
0.199600 -20788.684929
0.199800 -20788.402929
0.200000 -20787.426929
0.200200 -20787.855929
0.200400 -20789.520929
0.200600 -20789.357929
0.200800 -20788.301929
0.201000 -20788.105929
0.201200 -20787.809929
0.201400 -20788.225929
0.201600 -20789.473929
0.201800 -20787.941929
0.202000 -20786.660929
0.202200 -20787.135929
0.202400 -20788.354929
0.202600 -20789.607929
0.202800 -20788.244929
0.203000 -20786.416929
0.203200 -20785.445929
0.203400 -20785.875929
0.203600 -20785.793929
0.203800 -20785.279929
0.204000 -20786.418929
0.204200 -20785.434929
0.204400 -20783.865929
0.204600 -20783.205929
0.204800 -20783.629929
0.205000 -20785.230929
0.205200 -20786.877929
0.205400 -20788.002929
0.205600 -20788.422929
0.205800 -20787.988929
0.206000 -20787.982929
0.206200 -20787.781929
0.206400 -20785.559929
0.206600 -20783.889929
0.206800 -20783.871929
0.207000 -20785.076929
0.207200 -20787.674929
0.207400 -20787.811929
0.207600 -20786.445929
0.207800 -20786.260929
0.208000 -20786.277929
0.208200 -20786.762929
0.208400 -20786.381929
0.208600 -20784.447929
0.208800 -20783.809929
0.209000 -20783.303929
0.209200 -20782.959929
0.209400 -20783.676929
0.209600 -20784.787929
0.209800 -20786.477929
0.210000 -20787.133929
0.210200 -20786.377929
0.210400 -20784.324929
0.210600 -20783.912929
0.210800 -20784.506929
0.211000 -20785.512929
0.211200 -20785.988929
0.211400 -20783.840929
0.211600 -20784.195929
0.211800 -20785.430929
0.212000 -20785.373929
0.212200 -20783.816929
0.212400 -20781.814929
0.212600 -20781.041929
0.212800 -20781.801929
0.213000 -20782.311929
0.213200 -20782.838929
0.213400 -20783.688929
0.213600 -20783.289929
0.213800 -20782.529929
0.214000 -20782.047929
0.214200 -20782.301929
0.214400 -20782.580929
0.214600 -20783.410929
0.214800 -20784.180929
0.215000 -20783.313929
0.215200 -20783.197929
0.215400 -20783.387929
0.215600 -20783.559929
0.215800 -20783.178929
0.216000 -20782.850929
0.216200 -20782.344929
0.216400 -20782.068929
0.216600 -20782.869929
0.216800 -20782.816929
0.217000 -20781.422929
0.217200 -20780.482929
0.217400 -20781.631929
0.217600 -20782.662929
0.217800 -20782.262929
0.218000 -20781.492929
0.218200 -20780.707929
0.218400 -20781.104929
0.218600 -20781.744929
0.218800 -20780.738929
0.219000 -20780.287929
0.219200 -20781.385929
0.219400 -20782.633929
0.219600 -20781.457929
0.219800 -20779.707929
0.220000 -20779.068929
0.220200 -20780.051929
0.220400 -20781.564929
0.220600 -20782.588929
0.220800 -20783.592929
0.221000 -20784.119929
0.221200 -20783.270929
0.221400 -20782.029929
0.221600 -20781.832929
0.221800 -20781.518929
0.222000 -20781.371929
0.222200 -20782.387929
0.222400 -20783.115929
0.222600 -20782.881929
0.222800 -20783.197929
0.223000 -20783.342929
0.223200 -20782.291929
0.223400 -20780.563929
0.223600 -20778.863929
0.223800 -20777.992929
0.224000 -20779.230929
0.224200 -20781.031929
0.224400 -20781.535929
0.224600 -20781.771929
0.224800 -20781.486929
0.225000 -20780.482929
0.225200 -20779.992929
0.225400 -20780.059929
0.225600 -20780.201929
0.225800 -20780.713929
0.226000 -20781.209929
0.226200 -20781.301929
0.226400 -20780.459929
0.226600 -20779.412929
0.226800 -20779.426929
0.227000 -20779.744929
0.227200 -20779.980929
0.227400 -20779.715929
0.227600 -20779.303929
0.227800 -20779.752929
0.228000 -20780.102929
0.228200 -20778.094929
0.228400 -20777.170929
0.228600 -20778.656929
0.228800 -20780.416929
0.229000 -20779.803929
0.229200 -20778.430929
0.229400 -20779.480929
0.229600 -20781.111929
0.229800 -20781.943929
0.230000 -20781.146929
0.230200 -20779.701929
0.230400 -20778.889929
0.230600 -20778.557929
0.230800 -20777.926929
0.231000 -20777.535929
0.231200 -20778.584929
0.231400 -20780.227929
0.231600 -20781.227929
0.231800 -20778.537929
0.232000 -20777.510929
0.232200 -20777.879929
0.232400 -20777.949929
0.232600 -20778.188929
0.232800 -20779.424929
0.233000 -20779.627929
0.233200 -20778.572929
0.233400 -20778.332929
0.233600 -20778.553929
0.233800 -20779.412929
0.234000 -20779.371929
0.234200 -20778.285929
0.234400 -20777.340929
0.234600 -20776.746929
0.234800 -20777.242929
0.235000 -20777.348929
0.235200 -20777.004929
0.235400 -20777.582929
0.235600 -20778.082929
0.235800 -20776.746929
0.236000 -20775.744929
0.236200 -20776.777929
0.236400 -20777.883929
0.236600 -20776.395929
0.236800 -20774.680929
0.237000 -20774.826929
0.237200 -20776.793929
0.237400 -20778.316929
0.237600 -20778.172929
0.237800 -20779.029929
0.238000 -20778.984929
0.238200 -20777.863929
0.238400 -20777.543929
0.238600 -20777.164929
0.238800 -20775.438929
0.239000 -20775.344929
0.239200 -20777.359929
0.239400 -20777.182929
0.239600 -20775.875929
0.239800 -20775.521929
0.240000 -20777.230929
0.240200 -20777.012929
0.240400 -20776.193929
0.240600 -20775.705929
0.240800 -20775.809929
0.241000 -20776.809929
0.241200 -20777.211929
0.241400 -20776.592929
0.241600 -20776.482929
0.241800 -20776.791929
0.242000 -20776.770929
0.242200 -20776.324929
0.242400 -20777.387929
0.242600 -20777.762929
0.242800 -20774.938929
0.243000 -20773.602929
0.243200 -20773.857929
0.243400 -20774.129929
0.243600 -20774.699929
0.243800 -20775.221929
0.244000 -20775.928929
0.244200 -20776.725929
0.244400 -20776.729929
0.244600 -20776.754929
0.244800 -20775.873929
0.245000 -20775.375929
0.245200 -20775.143929
0.245400 -20774.000929
0.245600 -20773.143929
0.245800 -20773.191929
0.246000 -20774.277929
0.246200 -20773.908929
0.246400 -20773.867929
0.246600 -20774.301929
0.246800 -20774.463929
0.247000 -20775.363929
0.247200 -20774.879929
0.247400 -20773.686929
0.247600 -20774.381929
0.247800 -20774.830929
0.248000 -20773.918929
0.248200 -20774.150929
0.248400 -20775.266929
0.248600 -20776.928929
0.248800 -20775.594929
0.249000 -20773.182929
0.249200 -20774.098929
0.249400 -20775.426929
0.249600 -20774.951929
0.249800 -20773.883929
0.250000 -20773.262929
0.250200 -20773.088929
0.250400 -20773.281929
0.250600 -20773.512929
0.250800 -20773.113929
0.251000 -20772.543929
0.251200 -20773.496929
0.251400 -20775.693929
0.251600 -20776.973929
0.251800 -20776.787929
0.252000 -20776.707929
0.252200 -20776.158929
0.252400 -20773.350929
0.252600 -20772.309929
0.252800 -20773.672929
0.253000 -20774.051929
0.253200 -20774.293929
0.253400 -20772.730929
0.253600 -20770.684929
0.253800 -20770.146928
0.254000 -20770.498929
0.254200 -20772.828929
0.254400 -20774.383929
0.254600 -20774.953929
0.254800 -20775.326929
0.255000 -20773.986929
0.255200 -20772.816929
0.255400 -20772.701929
0.255600 -20772.867929
0.255800 -20773.840929
0.256000 -20773.605929
0.256200 -20772.404929
0.256400 -20770.105928
0.256600 -20766.701928
0.256800 -20764.504928
0.257000 -20763.295928
0.257200 -20764.848928
0.257400 -20769.193928
0.257600 -20772.309929
0.257800 -20773.672929
0.258000 -20774.021929
0.258200 -20773.613929
0.258400 -20772.688929
0.258600 -20772.514929
0.258800 -20772.707929
0.259000 -20771.566929
0.259200 -20770.732929
0.259400 -20771.240929
0.259600 -20771.627929
0.259800 -20772.059929
0.260000 -20772.125929
0.260200 -20772.250929
0.260400 -20772.293929
0.260600 -20771.941929
0.260800 -20772.225929
0.261000 -20771.662929
0.261200 -20770.125928
0.261400 -20769.941928
0.261600 -20771.279929
0.261800 -20772.465929
0.262000 -20771.613929
0.262200 -20771.756929
0.262400 -20772.242929
0.262600 -20772.111929
0.262800 -20771.918929
0.263000 -20771.697929
0.263200 -20770.896929
0.263400 -20770.807929
0.263600 -20771.441929
0.263800 -20770.574929
0.264000 -20770.488929
0.264200 -20772.553929
0.264400 -20772.064929
0.264600 -20768.035928
0.264800 -20767.002928
0.265000 -20768.426928
0.265200 -20770.254929
0.265400 -20772.785929
0.265600 -20773.293929
0.265800 -20770.918929
0.266000 -20769.865928
0.266200 -20769.504928
0.266400 -20768.318928
0.266600 -20767.896928
0.266800 -20769.271928
0.267000 -20769.918928
0.267200 -20769.408928
0.267400 -20770.314929
0.267600 -20771.385929
0.267800 -20770.672929
0.268000 -20769.902928
0.268200 -20770.400929
0.268400 -20770.551929
0.268600 -20769.832928
0.268800 -20768.820928
0.269000 -20769.461928
0.269200 -20771.443929
0.269400 -20771.996929
0.269600 -20770.629929
0.269800 -20768.934928
0.270000 -20769.318928
0.270200 -20770.898929
0.270400 -20769.324928
0.270600 -20767.063928
0.270800 -20767.172928
0.271000 -20769.449928
0.271200 -20771.104929
0.271400 -20769.855928
0.271600 -20769.396928
0.271800 -20770.008928
0.272000 -20770.008928
0.272200 -20769.965928
0.272400 -20768.965928
0.272600 -20767.230928
0.272800 -20766.668928
0.273000 -20765.055928
0.273200 -20763.395928
0.273400 -20765.551928
0.273600 -20768.602928
0.273800 -20769.902928
0.274000 -20769.000928
0.274200 -20768.012928
0.274400 -20767.764928
0.274600 -20767.660928
0.274800 -20766.707928
0.275000 -20765.982928
0.275200 -20766.059928
0.275400 -20765.107928
0.275600 -20764.473928
0.275800 -20766.465928
0.276000 -20768.604928
0.276200 -20768.586928
0.276400 -20767.000928
0.276600 -20767.074928
0.276800 -20768.629928
0.277000 -20769.219928
0.277200 -20768.725928
0.277400 -20767.266928
0.277600 -20766.160928
0.277800 -20765.939928
0.278000 -20765.195928
0.278200 -20764.986928
0.278400 -20765.723928
0.278600 -20767.139928
0.278800 -20768.648928
0.279000 -20768.293928
0.279200 -20767.230928
0.279400 -20766.771928
0.279600 -20767.342928
0.279800 -20767.719928
0.280000 -20766.645928
0.280200 -20764.643928
0.280400 -20764.906928
0.280600 -20766.500928
0.280800 -20766.727928
0.281000 -20766.379928
0.281200 -20766.785928
0.281400 -20767.520928
0.281600 -20766.326928
0.281800 -20764.369928
0.282000 -20764.227928
0.282200 -20763.746928
0.282400 -20762.682928
0.282600 -20762.092928
0.282800 -20762.496928
0.283000 -20763.277928
0.283200 -20764.268928
0.283400 -20764.621928
0.283600 -20764.369928
0.283800 -20764.316928
0.284000 -20765.723928
0.284200 -20767.035928
0.284400 -20766.523928
0.284600 -20767.307928
0.284800 -20768.316928
0.285000 -20767.680928
0.285200 -20765.900928
0.285400 -20765.656928
0.285600 -20765.621928
0.285800 -20764.977928
0.286000 -20765.432928
0.286200 -20764.689928
0.286400 -20763.262928
0.286600 -20762.752928
0.286800 -20762.268928
0.287000 -20762.363928
0.287200 -20763.061928
0.287400 -20763.605928
0.287600 -20763.588928
0.287800 -20763.215928
0.288000 -20763.043928
0.288200 -20763.082928
0.288400 -20760.188928
0.288600 -20757.320928
0.288800 -20758.285928
0.289000 -20760.455928
0.289200 -20762.508928
0.289400 -20763.424928
0.289600 -20762.107928
0.289800 -20757.752928
0.290000 -20753.588928
0.290200 -20751.791928
0.290400 -20751.068928
0.290600 -20751.434928
0.290800 -20757.791928
0.291000 -20763.611928
0.291200 -20763.629928
0.291400 -20762.764928
0.291600 -20762.535928
0.291800 -20762.799928
0.292000 -20761.982928
0.292200 -20761.496928
0.292400 -20761.566928
0.292600 -20762.914928
0.292800 -20764.250928
0.293000 -20762.963928
0.293200 -20761.576928
0.293400 -20760.650928
0.293600 -20760.318928
0.293800 -20759.803928
0.294000 -20759.285928
0.294200 -20759.848928
0.294400 -20761.314928
0.294600 -20761.480928
0.294800 -20761.174928
0.295000 -20761.158928
0.295200 -20762.074928
0.295400 -20763.309928
0.295600 -20763.662928
0.295800 -20763.408928
0.296000 -20762.010928
0.296200 -20761.992928
0.296400 -20761.676928
0.296600 -20761.479928
0.296800 -20762.338928
0.297000 -20762.490928
0.297200 -20761.852928
0.297400 -20759.996928
0.297600 -20758.168928
0.297800 -20755.740928
0.298000 -20753.492928
0.298200 -20752.277928
0.298400 -20752.367928
0.298600 -20756.086928
0.298800 -20758.861928
0.299000 -20759.840928
0.299200 -20761.170928
0.299400 -20762.273928
0.299600 -20762.416928
0.299800 -20761.625928
0.300000 -20761.648928
0.300200 -20762.074928
0.300400 -20762.041928
0.300600 -20761.402928
0.300800 -20760.832928
0.301000 -20760.332928
0.301200 -20760.051928
0.301400 -20759.262928
0.301600 -20758.178928
0.301800 -20758.361928
0.302000 -20759.574928
0.302200 -20760.627928
0.302400 -20759.840928
0.302600 -20758.801928
0.302800 -20758.629928
0.303000 -20758.824928
0.303200 -20759.104928
0.303400 -20759.756928
0.303600 -20759.576928
0.303800 -20760.809928
0.304000 -20762.209928
0.304200 -20761.121928
0.304400 -20760.061928
0.304600 -20759.504928
0.304800 -20759.285928
0.305000 -20758.588928
0.305200 -20758.049928
0.305400 -20758.170928
0.305600 -20758.170928
0.305800 -20758.164928
0.306000 -20758.049928
0.306200 -20758.230928
0.306400 -20759.408928
0.306600 -20761.041928
0.306800 -20762.055928
0.307000 -20761.611928
0.307200 -20760.133928
0.307400 -20759.762928
0.307600 -20759.650928
0.307800 -20759.871928
0.308000 -20760.539928
0.308200 -20759.359928
0.308400 -20758.900928
0.308600 -20759.369928
0.308800 -20759.074928
0.309000 -20759.262928
0.309200 -20759.275928
0.309400 -20758.404928
0.309600 -20758.109928
0.309800 -20759.338928
0.310000 -20759.609928
0.310200 -20759.043928
0.310400 -20758.631928
0.310600 -20758.854928
0.310800 -20758.465928
0.311000 -20758.105928
0.311200 -20759.316928
0.311400 -20760.346928
0.311600 -20760.318928
0.311800 -20759.770928
0.312000 -20758.629928
0.312200 -20758.809928
0.312400 -20758.820928
0.312600 -20758.910928
0.312800 -20757.273928
0.313000 -20757.412928
0.313200 -20759.920928
0.313400 -20760.256928
0.313600 -20758.561928
0.313800 -20757.578928
0.314000 -20758.475928
0.314200 -20759.463928
0.314400 -20760.916928
0.314600 -20761.957928
0.314800 -20760.955928
0.315000 -20760.410928
0.315200 -20760.379928
0.315400 -20759.756928
0.315600 -20759.461928
0.315800 -20758.486928
0.316000 -20758.410928
0.316200 -20758.146928
0.316400 -20757.688928
0.316600 -20757.105928
0.316800 -20757.537928
0.317000 -20757.648928
0.317200 -20757.465928
0.317400 -20757.451928
0.317600 -20757.172928
0.317800 -20756.475928
0.318000 -20755.949928
0.318200 -20756.307928
0.318400 -20756.203928
0.318600 -20756.543928
0.318800 -20757.252928
0.319000 -20757.941928
0.319200 -20757.146928
0.319400 -20754.867928
0.319600 -20754.209928
0.319800 -20754.383928
0.320000 -20755.367928
0.320200 -20756.670928
0.320400 -20756.191928
0.320600 -20756.379928
0.320800 -20757.598928
0.321000 -20758.750928
0.321200 -20757.604928
0.321400 -20756.682928
0.321600 -20757.500928
0.321800 -20756.879928
0.322000 -20755.617928
0.322200 -20755.785928
0.322400 -20756.678928
0.322600 -20757.469928
0.322800 -20757.500928
0.323000 -20756.928928
0.323200 -20756.418928
0.323400 -20754.797928
0.323600 -20753.980928
0.323800 -20753.410928
0.324000 -20753.035928
0.324200 -20753.934928
0.324400 -20754.865928
0.324600 -20756.402928
0.324800 -20756.770928
0.325000 -20755.748928
0.325200 -20755.961928
0.325400 -20756.486928
0.325600 -20756.133928
0.325800 -20756.314928
0.326000 -20756.244928
0.326200 -20755.027928
0.326400 -20754.906928
0.326600 -20754.898928
0.326800 -20754.793928
0.327000 -20755.006928
0.327200 -20754.463928
0.327400 -20753.400928
0.327600 -20752.762928
0.327800 -20752.176928
0.328000 -20752.625928
0.328200 -20753.957928
0.328400 -20751.709928
0.328600 -20747.271927
0.328800 -20743.781927
0.329000 -20742.105927
0.329200 -20744.246927
0.329400 -20748.840928
0.329600 -20753.246928
0.329800 -20754.447928
0.330000 -20755.387928
0.330200 -20755.916928
0.330400 -20755.652928
0.330600 -20755.203928
0.330800 -20753.654928
0.331000 -20753.078928
0.331200 -20753.557928
0.331400 -20753.395928
0.331600 -20752.748928
0.331800 -20753.057928
0.332000 -20753.143928
0.332200 -20752.598928
0.332400 -20753.605928
0.332600 -20754.287928
0.332800 -20753.531928
0.333000 -20752.996928
0.333200 -20753.148928
0.333400 -20752.523928
0.333600 -20749.891928
0.333800 -20746.129927
0.334000 -20742.797927
0.334200 -20740.471927
0.334400 -20737.768927
0.334600 -20734.039927
0.334800 -20731.330927
0.335000 -20731.973927
0.335200 -20734.635927
0.335400 -20740.670927
0.335600 -20748.934928
0.335800 -20752.734928
0.336000 -20752.691928
0.336200 -20750.857928
0.336400 -20749.590928
0.336600 -20750.604928
0.336800 -20751.328928
0.337000 -20750.301928
0.337200 -20749.264928
0.337400 -20749.191928
0.337600 -20750.994928
0.337800 -20751.844928
0.338000 -20750.887928
0.338200 -20750.063928
0.338400 -20750.436928
0.338600 -20751.623928
0.338800 -20751.225928
0.339000 -20749.592928
0.339200 -20749.590928
0.339400 -20750.566928
0.339600 -20750.748928
0.339800 -20750.725928
0.340000 -20750.348928
0.340200 -20750.152928
0.340400 -20750.887928
0.340600 -20751.023928
0.340800 -20750.334928
0.341000 -20750.934928
0.341200 -20750.842928
0.341400 -20750.355928
0.341600 -20751.232928
0.341800 -20749.705928
0.342000 -20749.434928
0.342200 -20749.924928
0.342400 -20750.047928
0.342600 -20750.098928
0.342800 -20749.949928
0.343000 -20750.490928
0.343200 -20750.494928
0.343400 -20750.574928
0.343600 -20750.857928
0.343800 -20750.525928
0.344000 -20750.084928
0.344200 -20750.814928
0.344400 -20751.941928
0.344600 -20752.746928
0.344800 -20754.088928
0.345000 -20754.242928
0.345200 -20752.656928
0.345400 -20751.336928
0.345600 -20750.457928
0.345800 -20749.941928
0.346000 -20750.418928
0.346200 -20751.223928
0.346400 -20749.430928
0.346600 -20747.859928
0.346800 -20748.801928
0.347000 -20749.402928
0.347200 -20749.355928
0.347400 -20748.564928
0.347600 -20748.520928
0.347800 -20749.801928
0.348000 -20751.039928
0.348200 -20750.514928
0.348400 -20749.877928
0.348600 -20750.332928
0.348800 -20750.854928
0.349000 -20750.418928
0.349200 -20749.191928
0.349400 -20748.891928
0.349600 -20748.932928
0.349800 -20749.621928
0.350000 -20750.025928
0.350200 -20749.697928
0.350400 -20749.189928
0.350600 -20747.814927
0.350800 -20748.049928
0.351000 -20748.910928
0.351200 -20749.211928
0.351400 -20749.129928
0.351600 -20747.754927
0.351800 -20747.059927
0.352000 -20748.480928
0.352200 -20749.102928
0.352400 -20749.443928
0.352600 -20750.066928
0.352800 -20749.373928
0.353000 -20748.793928
0.353200 -20747.080927
0.353400 -20744.627927
0.353600 -20743.051927
0.353800 -20743.887927
0.354000 -20745.678927
0.354200 -20746.482927
0.354400 -20746.859927
0.354600 -20747.189927
0.354800 -20748.602928
0.355000 -20748.959928
0.355200 -20746.994927
0.355400 -20747.391927
0.355600 -20747.969928
0.355800 -20748.602928
0.356000 -20749.008928
0.356200 -20747.811927
0.356400 -20747.957928
0.356600 -20748.371928
0.356800 -20748.258928
0.357000 -20748.391928
0.357200 -20748.613928
0.357400 -20749.199928
0.357600 -20747.855928
0.357800 -20745.605927
0.358000 -20745.230927
0.358200 -20745.066927
0.358400 -20745.357927
0.358600 -20746.104927
0.358800 -20745.488927
0.359000 -20745.355927
0.359200 -20746.107927
0.359400 -20746.588927
0.359600 -20746.627927
0.359800 -20747.301927
0.360000 -20748.459928
0.360200 -20748.752928
0.360400 -20749.613928
0.360600 -20749.904928
0.360800 -20749.686928
0.361000 -20748.980928
0.361200 -20747.273927
0.361400 -20745.883927
0.361600 -20744.852927
0.361800 -20744.768927
0.362000 -20745.355927
0.362200 -20746.100927
0.362400 -20746.418927
0.362600 -20745.670927
0.362800 -20744.324927
0.363000 -20743.998927
0.363200 -20744.584927
0.363400 -20745.344927
0.363600 -20746.957927
0.363800 -20747.725927
0.364000 -20747.469927
0.364200 -20747.209927
0.364400 -20746.852927
0.364600 -20745.895927
0.364800 -20745.057927
0.365000 -20745.193927
0.365200 -20746.410927
0.365400 -20746.586927
0.365600 -20745.609927
0.365800 -20746.443927
0.366000 -20748.158928
0.366200 -20747.492927
0.366400 -20744.537927
0.366600 -20743.559927
0.366800 -20744.240927
0.367000 -20744.541927
0.367200 -20744.557927
0.367400 -20744.824927
0.367600 -20745.273927
0.367800 -20745.822927
0.368000 -20746.873927
0.368200 -20747.230927
0.368400 -20745.129927
0.368600 -20743.389927
0.368800 -20743.389927
0.369000 -20743.436927
0.369200 -20744.297927
0.369400 -20746.580927
0.369600 -20748.357928
0.369800 -20746.777927
0.370000 -20743.637927
0.370200 -20742.607927
0.370400 -20743.477927
0.370600 -20744.848927
0.370800 -20745.625927
0.371000 -20745.455927
0.371200 -20743.475927
0.371400 -20738.684927
0.371600 -20734.369927
0.371800 -20732.564927
0.372000 -20731.457927
0.372200 -20730.371927
0.372400 -20732.701927
0.372600 -20734.219927
0.372800 -20731.031927
0.373000 -20727.354927
0.373200 -20725.098926
0.373400 -20723.852926
0.373600 -20727.363927
0.373800 -20734.902927
0.374000 -20741.674927
0.374200 -20744.785927
0.374400 -20745.605927
0.374600 -20745.189927
0.374800 -20744.336927
0.375000 -20744.184927
0.375200 -20744.717927
0.375400 -20746.488927
0.375600 -20746.801927
0.375800 -20745.045927
0.376000 -20744.004927
0.376200 -20744.615927
0.376400 -20744.742927
0.376600 -20743.816927
0.376800 -20742.496927
0.377000 -20741.617927
0.377200 -20741.918927
0.377400 -20741.844927
0.377600 -20740.709927
0.377800 -20740.012927
0.378000 -20742.266927
0.378200 -20744.576927
0.378400 -20744.129927
0.378600 -20743.676927
0.378800 -20743.133927
0.379000 -20742.213927
0.379200 -20742.797927
0.379400 -20742.543927
0.379600 -20742.434927
0.379800 -20743.521927
0.380000 -20744.627927
0.380200 -20745.988927
0.380400 -20746.521927
0.380600 -20745.424927
0.380800 -20744.205927
0.381000 -20743.980927
0.381200 -20744.252927
0.381400 -20744.783927
0.381600 -20745.533927
0.381800 -20744.971927
0.382000 -20743.676927
0.382200 -20743.156927
0.382400 -20742.500927
0.382600 -20741.709927
0.382800 -20742.496927
0.383000 -20743.473927
0.383200 -20742.789927
0.383400 -20742.424927
0.383600 -20742.270927
0.383800 -20740.623927
0.384000 -20737.418927
0.384200 -20734.305927
0.384400 -20732.504927
0.384600 -20731.527927
0.384800 -20731.254927
0.385000 -20731.566927
0.385200 -20731.754927
0.385400 -20731.119927
0.385600 -20732.533927
0.385800 -20737.449927
0.386000 -20741.348927
0.386200 -20742.424927
0.386400 -20742.436927
0.386600 -20743.559927
0.386800 -20744.178927
0.387000 -20743.496927
0.387200 -20743.174927
0.387400 -20742.785927
0.387600 -20742.354927
0.387800 -20742.072927
0.388000 -20740.406927
0.388200 -20737.928927
0.388400 -20737.625927
0.388600 -20737.520927
0.388800 -20737.027927
0.389000 -20739.545927
0.389200 -20741.395927
0.389400 -20742.270927
0.389600 -20743.680927
0.389800 -20743.209927
0.390000 -20742.508927
0.390200 -20743.676927
0.390400 -20743.051927
0.390600 -20740.762927
0.390800 -20739.891927
0.391000 -20741.266927
0.391200 -20742.965927
0.391400 -20742.232927
0.391600 -20740.221927
0.391800 -20739.744927
0.392000 -20739.809927
0.392200 -20739.949927
0.392400 -20741.141927
0.392600 -20740.975927
0.392800 -20740.287927
0.393000 -20740.000927
0.393200 -20741.928927
0.393400 -20741.965927
0.393600 -20739.719927
0.393800 -20738.461927
0.394000 -20738.531927
0.394200 -20739.527927
0.394400 -20739.162927
0.394600 -20738.154927
0.394800 -20737.277927
0.395000 -20734.773927
0.395200 -20731.422927
0.395400 -20729.576927
0.395600 -20728.076927
0.395800 -20729.191927
0.396000 -20736.398927
0.396200 -20741.580927
0.396400 -20741.219927
0.396600 -20739.422927
0.396800 -20739.512927
0.397000 -20740.896927
0.397200 -20741.934927
0.397400 -20742.072927
0.397600 -20740.574927
0.397800 -20740.578927
0.398000 -20740.648927
0.398200 -20740.889927
0.398400 -20741.729927
0.398600 -20740.791927
0.398800 -20740.225927
0.399000 -20739.738927
0.399200 -20738.744927
0.399400 -20738.293927
0.399600 -20739.568927
0.399800 -20739.840927
0.400000 -20739.475927
0.400200 -20740.258927
0.400400 -20740.332927
0.400600 -20740.602927
0.400800 -20740.871927
0.401000 -20738.611927
0.401200 -20738.094927
0.401400 -20739.301927
0.401600 -20740.332927
0.401800 -20740.578927
0.402000 -20740.668927
0.402200 -20741.039927
0.402400 -20739.332927
0.402600 -20738.027927
0.402800 -20738.254927
0.403000 -20738.891927
0.403200 -20737.584927
0.403400 -20736.057927
0.403600 -20736.410927
0.403800 -20736.264927
0.404000 -20734.969927
0.404200 -20733.652927
0.404400 -20735.473927
0.404600 -20738.414927
0.404800 -20738.586927
0.405000 -20737.633927
0.405200 -20737.816927
0.405400 -20739.672927
0.405600 -20741.412927
0.405800 -20740.537927
0.406000 -20740.018927
0.406200 -20740.252927
0.406400 -20739.152927
0.406600 -20736.945927
0.406800 -20734.467927
0.407000 -20734.029927
0.407200 -20732.678927
0.407400 -20729.570927
0.407600 -20726.924927
0.407800 -20724.953926
0.408000 -20724.445926
0.408200 -20729.719927
0.408400 -20735.982927
0.408600 -20736.234927
0.408800 -20736.498927
0.409000 -20737.748927
0.409200 -20738.574927
0.409400 -20739.211927
0.409600 -20738.021927
0.409800 -20738.250927
0.410000 -20739.824927
0.410200 -20740.102927
0.410400 -20739.625927
0.410600 -20737.898927
0.410800 -20737.262927
0.411000 -20738.406927
0.411200 -20738.467927
0.411400 -20737.551927
0.411600 -20736.465927
0.411800 -20737.156927
0.412000 -20736.730927
0.412200 -20735.773927
0.412400 -20735.756927
0.412600 -20735.547927
0.412800 -20735.748927
0.413000 -20732.332927
0.413200 -20727.078927
0.413400 -20723.771926
0.413600 -20722.553926
0.413800 -20722.969926
0.414000 -20724.820926
0.414200 -20729.818927
0.414400 -20734.039927
0.414600 -20734.883927
0.414800 -20735.902927
0.415000 -20736.785927
0.415200 -20736.605927
0.415400 -20736.557927
0.415600 -20735.787927
0.415800 -20735.084927
0.416000 -20735.219927
0.416200 -20734.557927
0.416400 -20733.727927
0.416600 -20734.613927
0.416800 -20734.520927
0.417000 -20734.879927
0.417200 -20734.848927
0.417400 -20734.525927
0.417600 -20735.957927
0.417800 -20737.523927
0.418000 -20735.891927
0.418200 -20734.031927
0.418400 -20735.752927
0.418600 -20738.217927
0.418800 -20739.291927
0.419000 -20739.121927
0.419200 -20737.479927
0.419400 -20736.234927
0.419600 -20736.473927
0.419800 -20737.350927
0.420000 -20737.988927
0.420200 -20738.535927
0.420400 -20738.541927
0.420600 -20736.828927
0.420800 -20735.488927
0.421000 -20736.109927
0.421200 -20738.301927
0.421400 -20740.631927
0.421600 -20741.395927
0.421800 -20740.268927
0.422000 -20739.512927
0.422200 -20738.908927
0.422400 -20737.861927
0.422600 -20736.557927
0.422800 -20735.787927
0.423000 -20735.041927
0.423200 -20734.646927
0.423400 -20735.006927
0.423600 -20734.994927
0.423800 -20734.684927
0.424000 -20732.783927
0.424200 -20731.188927
0.424400 -20729.623927
0.424600 -20727.807927
0.424800 -20727.652927
0.425000 -20731.318927
0.425200 -20735.098927
0.425400 -20735.494927
0.425600 -20736.027927
0.425800 -20735.965927
0.426000 -20736.020927
0.426200 -20736.730927
0.426400 -20735.723927
0.426600 -20735.006927
0.426800 -20735.035927
0.427000 -20735.480927
0.427200 -20735.770927
0.427400 -20734.684927
0.427600 -20732.895927
0.427800 -20733.023927
0.428000 -20734.879927
0.428200 -20735.756927
0.428400 -20735.471927
0.428600 -20734.832927
0.428800 -20735.033927
0.429000 -20734.455927
0.429200 -20733.941927
0.429400 -20734.289927
0.429600 -20735.098927
0.429800 -20736.379927
0.430000 -20736.682927
0.430200 -20734.967927
0.430400 -20734.490927
0.430600 -20735.340927
0.430800 -20735.482927
0.431000 -20734.955927
0.431200 -20734.191927
0.431400 -20733.559927
0.431600 -20733.879927
0.431800 -20733.199927
0.432000 -20731.066927
0.432200 -20728.563927
0.432400 -20724.387926
0.432600 -20721.053926
0.432800 -20719.313926
0.433000 -20717.518926
0.433200 -20716.988926
0.433400 -20723.314926
0.433600 -20732.520927
0.433800 -20735.160927
0.434000 -20733.631927
0.434200 -20732.266927
0.434400 -20731.590927
0.434600 -20732.096927
0.434800 -20731.576927
0.435000 -20730.340927
0.435200 -20732.285927
0.435400 -20734.461927
0.435600 -20734.918927
0.435800 -20735.430927
0.436000 -20735.016927
0.436200 -20734.264927
0.436400 -20734.574927
0.436600 -20733.879927
0.436800 -20733.369927
0.437000 -20733.813927
0.437200 -20735.070927
0.437400 -20735.850927
0.437600 -20733.926927
0.437800 -20729.297927
0.438000 -20724.633926
0.438200 -20721.209926
0.438400 -20720.004926
0.438600 -20720.801926
0.438800 -20725.955927
0.439000 -20732.236927
0.439200 -20733.805927
0.439400 -20734.951927
0.439600 -20735.848927
0.439800 -20734.107927
0.440000 -20733.156927
0.440200 -20732.344927
0.440400 -20731.840927
0.440600 -20732.434927
0.440800 -20734.000927
0.441000 -20734.203927
0.441200 -20733.727927
0.441400 -20733.637927
0.441600 -20732.193927
0.441800 -20729.564927
0.442000 -20728.604927
0.442200 -20727.854927
0.442400 -20729.883927
0.442600 -20732.436927
0.442800 -20733.221927
0.443000 -20734.215927
0.443200 -20734.801927
0.443400 -20734.607927
0.443600 -20734.486927
0.443800 -20735.283927
0.444000 -20735.490927
0.444200 -20734.082927
0.444400 -20731.986927
0.444600 -20732.738927
0.444800 -20733.215927
0.445000 -20733.215927
0.445200 -20733.145927
0.445400 -20732.270927
0.445600 -20733.334927
0.445800 -20733.139927
0.446000 -20732.197927
0.446200 -20733.150927
0.446400 -20733.051927
0.446600 -20731.635927
0.446800 -20731.074927
0.447000 -20731.484927
0.447200 -20730.564927
0.447400 -20730.207927
0.447600 -20730.209927
0.447800 -20730.404927
0.448000 -20732.205927
0.448200 -20732.291927
0.448400 -20731.168927
0.448600 -20733.012927
0.448800 -20734.613927
0.449000 -20734.459927
0.449200 -20734.000927
0.449400 -20734.293927
0.449600 -20735.012927
0.449800 -20734.160927
0.450000 -20734.039927
0.450200 -20734.818927
0.450400 -20734.873927
0.450600 -20734.768927
0.450800 -20734.074927
0.451000 -20733.559927
0.451200 -20733.936927
0.451400 -20734.264927
0.451600 -20735.428927
0.451800 -20734.039927
0.452000 -20732.217927
0.452200 -20732.557927
0.452400 -20732.309927
0.452600 -20732.135927
0.452800 -20731.244927
0.453000 -20729.754927
0.453200 -20730.623927
0.453400 -20731.850927
0.453600 -20730.643927
0.453800 -20729.691927
0.454000 -20730.539927
0.454200 -20731.527927
0.454400 -20731.205927
0.454600 -20730.801927
0.454800 -20730.170927
0.455000 -20729.758927
0.455200 -20730.641927
0.455400 -20731.238927
0.455600 -20730.463927
0.455800 -20730.467927
0.456000 -20730.559927
0.456200 -20731.072927
0.456400 -20732.436927
0.456600 -20733.084927
0.456800 -20732.191927
0.457000 -20732.186927
0.457200 -20732.096927
0.457400 -20731.695927
0.457600 -20731.889927
0.457800 -20731.240927
0.458000 -20730.496927
0.458200 -20730.059927
0.458400 -20729.750927
0.458600 -20729.621927
0.458800 -20729.543927
0.459000 -20729.994927
0.459200 -20728.658927
0.459400 -20725.873927
0.459600 -20724.473926
0.459800 -20724.926926
0.460000 -20727.041927
0.460200 -20729.119927
0.460400 -20729.164927
0.460600 -20729.863927
0.460800 -20731.215927
0.461000 -20730.908927
0.461200 -20729.988927
0.461400 -20729.613927
0.461600 -20729.461927
0.461800 -20730.609927
0.462000 -20730.770927
0.462200 -20729.754927
0.462400 -20729.699927
0.462600 -20729.732927
0.462800 -20729.313927
0.463000 -20728.480927
0.463200 -20728.529927
0.463400 -20729.219927
0.463600 -20729.785927
0.463800 -20730.996927
0.464000 -20731.254927
0.464200 -20730.684927
0.464400 -20730.209927
0.464600 -20730.270927
0.464800 -20730.199927
0.465000 -20729.146927
0.465200 -20727.852927
0.465400 -20728.082927
0.465600 -20728.764927
0.465800 -20729.020927
0.466000 -20727.463927
0.466200 -20724.109926
0.466400 -20722.318926
0.466600 -20723.213926
0.466800 -20727.178927
0.467000 -20730.242927
0.467200 -20730.541927
0.467400 -20727.912927
0.467600 -20724.512926
0.467800 -20721.861926
0.468000 -20719.059926
0.468200 -20718.465926
0.468400 -20723.066926
0.468600 -20728.176927
0.468800 -20728.412927
0.469000 -20728.441927
0.469200 -20729.730927
0.469400 -20731.035927
0.469600 -20730.889927
0.469800 -20729.646927
0.470000 -20728.113927
0.470200 -20727.504927
0.470400 -20727.236927
0.470600 -20725.973927
0.470800 -20725.057926
0.471000 -20725.682927
0.471200 -20728.355927
0.471400 -20728.324927
0.471600 -20727.082927
0.471800 -20726.303927
0.472000 -20725.383926
0.472200 -20724.002926
0.472400 -20720.559926
0.472600 -20717.850926
0.472800 -20721.211926
0.473000 -20726.451927
0.473200 -20729.254927
0.473400 -20730.232927
0.473600 -20730.668927
0.473800 -20731.678927
0.474000 -20731.576927
0.474200 -20730.166927
0.474400 -20729.637927
0.474600 -20729.730927
0.474800 -20730.209927
0.475000 -20730.199927
0.475200 -20729.129927
0.475400 -20727.533927
0.475600 -20726.930927
0.475800 -20727.578927
0.476000 -20727.531927
0.476200 -20727.799927
0.476400 -20728.943927
0.476600 -20729.184927
0.476800 -20729.160927
0.477000 -20728.850927
0.477200 -20728.686927
0.477400 -20728.791927
0.477600 -20727.801927
0.477800 -20727.346927
0.478000 -20727.643927
0.478200 -20728.365927
0.478400 -20727.510927
0.478600 -20724.746926
0.478800 -20723.002926
0.479000 -20725.111926
0.479200 -20727.875927
0.479400 -20728.471927
0.479600 -20730.051927
0.479800 -20730.414927
0.480000 -20728.895927
0.480200 -20728.426927
0.480400 -20727.670927
0.480600 -20727.059927
0.480800 -20725.949927
0.481000 -20724.682926
0.481200 -20724.402926
0.481400 -20724.805926
0.481600 -20727.045927
0.481800 -20729.088927
0.482000 -20727.820927
0.482200 -20727.680927
0.482400 -20729.004927
0.482600 -20730.055927
0.482800 -20730.645927
0.483000 -20731.395927
0.483200 -20731.826927
0.483400 -20730.871927
0.483600 -20725.465927
0.483800 -20717.742926
0.484000 -20714.021926
0.484200 -20713.402926
0.484400 -20714.840926
0.484600 -20720.482926
0.484800 -20727.564927
0.485000 -20728.113927
0.485200 -20727.555927
0.485400 -20727.996927
0.485600 -20727.436927
0.485800 -20726.357927
0.486000 -20726.332927
0.486200 -20727.588927
0.486400 -20728.447927
0.486600 -20727.926927
0.486800 -20726.521927
0.487000 -20725.988927
0.487200 -20725.141926
0.487400 -20724.285926
0.487600 -20725.578927
0.487800 -20726.939927
0.488000 -20726.885927
0.488200 -20726.861927
0.488400 -20725.727927
0.488600 -20724.980926
0.488800 -20726.168927
0.489000 -20727.734927
0.489200 -20727.967927
0.489400 -20727.018927
0.489600 -20725.420926
0.489800 -20724.863926
0.490000 -20726.191927
0.490200 -20728.055927
0.490400 -20728.246927
0.490600 -20726.875927
0.490800 -20726.867927
0.491000 -20727.357927
0.491200 -20724.824926
0.491400 -20718.832926
0.491600 -20716.043926
0.491800 -20717.596926
0.492000 -20721.635926
0.492200 -20725.668927
0.492400 -20726.535927
0.492600 -20726.256927
0.492800 -20726.527927
0.493000 -20726.986927
0.493200 -20728.832927
0.493400 -20747.721927
0.493600 -20774.441929
0.493800 -20787.773929
0.494000 -20787.111929
0.494200 -20785.768929
0.494400 -20784.602929
0.494600 -20786.469929
0.494800 -20786.926929
0.495000 -20785.875929
0.495200 -20785.832929
0.495400 -20786.348929
0.495600 -20786.926929
0.495800 -20785.855929
0.496000 -20785.266929
0.496200 -20786.074929
0.496400 -20786.262929
0.496600 -20786.293929
0.496800 -20785.457929
0.497000 -20784.525929
0.497200 -20784.371929
0.497400 -20785.244929
0.497600 -20785.416929
0.497800 -20785.059929
0.498000 -20785.477929
0.498200 -20786.820929
0.498400 -20788.160929
0.498600 -20787.549929
0.498800 -20785.904929
0.499000 -20783.156929
0.499200 -20782.316929
0.499400 -20782.910929
0.499600 -20782.354929
0.499800 -20782.391929
0.500000 -20784.979929
0.500200 -20786.654929
0.500400 -20786.939929
0.500600 -20786.201929
0.500800 -20784.605929
0.501000 -20783.143929
0.501200 -20783.576929
0.501400 -20783.730929
0.501600 -20784.590929
0.501800 -20786.047929
0.502000 -20785.504929
0.502200 -20785.813929
0.502400 -20785.754929
0.502600 -20784.111929
0.502800 -20783.152929
0.503000 -20783.930929
0.503200 -20784.955929
0.503400 -20786.016929
0.503600 -20786.273929
0.503800 -20784.895929
0.504000 -20784.299929
0.504200 -20783.166929
0.504400 -20782.543929
0.504600 -20782.387929
0.504800 -20783.146929
0.505000 -20783.699929
0.505200 -20783.645929
0.505400 -20783.908929
0.505600 -20784.340929
0.505800 -20784.361929
0.506000 -20784.941929
0.506200 -20785.551929
0.506400 -20783.623929
0.506600 -20781.615929
0.506800 -20782.361929
0.507000 -20784.129929
0.507200 -20783.527929
0.507400 -20782.387929
0.507600 -20783.209929
0.507800 -20783.717929
0.508000 -20784.121929
0.508200 -20783.373929
0.508400 -20783.246929
0.508600 -20784.701929
0.508800 -20785.754929
0.509000 -20784.113929
0.509200 -20781.521929
0.509400 -20781.467929
0.509600 -20781.605929
0.509800 -20782.000929
0.510000 -20782.664929
0.510200 -20782.355929
0.510400 -20782.387929
0.510600 -20783.246929
0.510800 -20784.732929
0.511000 -20784.852929
0.511200 -20783.086929
0.511400 -20782.100929
0.511600 -20782.133929
0.511800 -20782.996929
0.512000 -20784.660929
0.512200 -20784.623929
0.512400 -20783.605929
0.512600 -20782.801929
0.512800 -20782.645929
0.513000 -20781.793929
0.513200 -20780.508929
0.513400 -20780.658929
0.513600 -20781.389929
0.513800 -20782.805929
0.514000 -20782.807929
0.514200 -20782.908929
0.514400 -20783.865929
0.514600 -20783.139929
0.514800 -20781.820929
0.515000 -20781.219929
0.515200 -20781.609929
0.515400 -20782.072929
0.515600 -20781.326929
0.515800 -20781.217929
0.516000 -20781.527929
0.516200 -20781.627929
0.516400 -20782.561929
0.516600 -20782.836929
0.516800 -20781.984929
0.517000 -20782.293929
0.517200 -20782.260929
0.517400 -20781.434929
0.517600 -20780.705929
0.517800 -20781.012929
0.518000 -20781.051929
0.518200 -20782.068929
0.518400 -20782.822929
0.518600 -20781.555929
0.518800 -20780.707929
0.519000 -20781.145929
0.519200 -20782.889929
0.519400 -20783.361929
0.519600 -20782.840929
0.519800 -20782.072929
0.520000 -20781.338929
0.520200 -20781.457929
0.520400 -20781.297929
0.520600 -20780.447929
0.520800 -20780.723929
0.521000 -20781.457929
0.521200 -20781.326929
0.521400 -20781.197929
0.521600 -20781.012929
0.521800 -20781.031929
0.522000 -20781.490929
0.522200 -20780.613929
0.522400 -20780.217929
0.522600 -20781.133929
0.522800 -20782.561929
0.523000 -20782.822929
0.523200 -20781.502929
0.523400 -20779.217929
0.523600 -20777.570929
0.523800 -20777.930929
0.524000 -20779.244929
0.524200 -20781.309929
0.524400 -20780.729929
0.524600 -20780.031929
0.524800 -20781.076929
0.525000 -20780.990929
0.525200 -20778.832929
0.525400 -20778.750929
0.525600 -20779.771929
0.525800 -20780.705929
0.526000 -20780.992929
0.526200 -20780.512929
0.526400 -20780.801929
0.526600 -20781.824929
0.526800 -20781.262929
0.527000 -20779.434929
0.527200 -20778.377929
0.527400 -20778.109929
0.527600 -20779.076929
0.527800 -20780.152929
0.528000 -20779.355929
0.528200 -20777.992929
0.528400 -20779.191929
0.528600 -20779.932929
0.528800 -20778.471929
0.529000 -20777.352929
0.529200 -20777.080929
0.529400 -20777.918929
0.529600 -20778.863929
0.529800 -20779.453929
0.530000 -20778.754929
0.530200 -20776.705929
0.530400 -20776.311929
0.530600 -20778.533929
0.530800 -20778.900929
0.531000 -20778.910929
0.531200 -20780.684929
0.531400 -20782.012929
0.531600 -20781.254929
0.531800 -20779.230929
0.532000 -20777.824929
0.532200 -20776.596929
0.532400 -20776.598929
0.532600 -20778.047929
0.532800 -20777.463929
0.533000 -20776.729929
0.533200 -20776.801929
0.533400 -20777.082929
0.533600 -20777.910929
0.533800 -20777.105929
0.534000 -20777.105929
0.534200 -20778.512929
0.534400 -20778.396929
0.534600 -20778.594929
0.534800 -20778.912929
0.535000 -20779.199929
0.535200 -20780.154929
0.535400 -20779.412929
0.535600 -20777.785929
0.535800 -20777.049929
0.536000 -20777.098929
0.536200 -20776.787929
0.536400 -20776.707929
0.536600 -20776.291929
0.536800 -20776.625929
0.537000 -20777.230929
0.537200 -20777.059929
0.537400 -20777.395929
0.537600 -20778.090929
0.537800 -20778.580929
0.538000 -20778.488929
0.538200 -20777.770929
0.538400 -20776.686929
0.538600 -20775.801929
0.538800 -20776.619929
0.539000 -20777.051929
0.539200 -20775.645929
0.539400 -20774.371929
0.539600 -20774.699929
0.539800 -20775.201929
0.540000 -20775.488929
0.540200 -20776.439929
0.540400 -20775.688929
0.540600 -20775.441929
0.540800 -20776.855929
0.541000 -20778.387929
0.541200 -20778.309929
0.541400 -20778.002929
0.541600 -20779.453929
0.541800 -20780.422929
0.542000 -20780.000929
0.542200 -20778.705929
0.542400 -20778.594929
0.542600 -20778.900929
0.542800 -20778.850929
0.543000 -20779.191929
0.543200 -20780.018929
0.543400 -20780.676929
0.543600 -20780.170929
0.543800 -20778.219929
0.544000 -20775.668929
0.544200 -20774.887929
0.544400 -20775.307929
0.544600 -20776.428929
0.544800 -20775.426929
0.545000 -20775.025929
0.545200 -20777.066929
0.545400 -20777.504929
0.545600 -20776.225929
0.545800 -20774.996929
0.546000 -20774.988929
0.546200 -20776.256929
0.546400 -20777.262929
0.546600 -20777.879929
0.546800 -20777.875929
0.547000 -20777.824929
0.547200 -20778.051929
0.547400 -20777.520929
0.547600 -20776.559929
0.547800 -20775.684929
0.548000 -20776.801929
0.548200 -20778.588929
0.548400 -20778.686929
0.548600 -20778.094929
0.548800 -20777.086929
0.549000 -20776.521929
0.549200 -20776.176929
0.549400 -20775.242929
0.549600 -20774.896929
0.549800 -20774.029929
0.550000 -20773.871929
0.550200 -20774.436929
0.550400 -20774.762929
0.550600 -20775.254929
0.550800 -20776.721929
0.551000 -20776.568929
0.551200 -20775.873929
0.551400 -20775.367929
0.551600 -20775.051929
0.551800 -20776.230929
0.552000 -20776.605929
0.552200 -20776.777929
0.552400 -20776.404929
0.552600 -20774.863929
0.552800 -20774.723929
0.553000 -20774.318929
0.553200 -20774.904929
0.553400 -20775.709929
0.553600 -20775.889929
0.553800 -20775.777929
0.554000 -20776.078929
0.554200 -20777.363929
0.554400 -20777.359929
0.554600 -20777.230929
0.554800 -20777.051929
0.555000 -20775.668929
0.555200 -20774.834929
0.555400 -20774.033929
0.555600 -20773.965929
0.555800 -20775.244929
0.556000 -20776.420929
0.556200 -20775.242929
0.556400 -20774.992929
0.556600 -20776.262929
0.556800 -20775.855929
0.557000 -20774.984929
0.557200 -20774.707929
0.557400 -20775.410929
0.557600 -20776.063929
0.557800 -20776.992929
0.558000 -20777.174929
0.558200 -20775.688929
0.558400 -20775.375929
0.558600 -20775.154929
0.558800 -20774.307929
0.559000 -20773.146929
0.559200 -20773.307929
0.559400 -20774.082929
0.559600 -20773.570929
0.559800 -20773.125929
0.560000 -20772.771929
0.560200 -20773.092929
0.560400 -20773.455929
0.560600 -20774.668929
0.560800 -20774.363929
0.561000 -20773.080929
0.561200 -20773.105929
0.561400 -20773.709929
0.561600 -20774.953929
0.561800 -20775.396929
0.562000 -20775.709929
0.562200 -20775.832929
0.562400 -20774.396929
0.562600 -20773.883929
0.562800 -20774.650929
0.563000 -20774.020929
0.563200 -20773.588929
0.563400 -20773.490929
0.563600 -20772.643929
0.563800 -20771.469929
0.564000 -20771.254929
0.564200 -20771.941929
0.564400 -20772.293929
0.564600 -20773.314929
0.564800 -20774.301929
0.565000 -20774.408929
0.565200 -20774.096929
0.565400 -20773.879929
0.565600 -20773.121929
0.565800 -20772.715929
0.566000 -20773.182929
0.566200 -20774.066929
0.566400 -20774.588929
0.566600 -20772.525929
0.566800 -20771.637929
0.567000 -20772.301929
0.567200 -20772.090929
0.567400 -20771.449929
0.567600 -20770.771929
0.567800 -20770.746929
0.568000 -20771.535929
0.568200 -20772.695929
0.568400 -20772.662929
0.568600 -20771.967929
0.568800 -20772.869929
0.569000 -20773.824929
0.569200 -20773.182929
0.569400 -20771.199929
0.569600 -20770.730929
0.569800 -20771.209929
0.570000 -20772.229929
0.570200 -20771.746929
0.570400 -20770.588929
0.570600 -20770.709929
0.570800 -20770.713929
0.571000 -20770.771929
0.571200 -20770.689929
0.571400 -20770.201929
0.571600 -20768.918928
0.571800 -20768.980928
0.572000 -20770.250929
0.572200 -20769.953928
0.572400 -20768.793928
0.572600 -20768.867928
0.572800 -20770.418929
0.573000 -20770.980929
0.573200 -20771.254929
0.573400 -20771.965929
0.573600 -20772.775929
0.573800 -20773.104929
0.574000 -20772.229929
0.574200 -20771.785929
0.574400 -20771.449929
0.574600 -20770.746929
0.574800 -20770.127928
0.575000 -20769.918928
0.575200 -20769.354928
0.575400 -20769.064928
0.575600 -20769.457928
0.575800 -20770.004928
0.576000 -20769.891928
0.576200 -20768.787928
0.576400 -20768.746928
0.576600 -20770.479929
0.576800 -20770.941929
0.577000 -20770.447929
0.577200 -20771.715929
0.577400 -20774.051929
0.577600 -20774.246929
0.577800 -20773.082929
0.578000 -20771.684929
0.578200 -20770.607929
0.578400 -20771.176929
0.578600 -20771.389929
0.578800 -20769.418928
0.579000 -20769.146928
0.579200 -20769.822928
0.579400 -20768.480928
0.579600 -20765.918928
0.579800 -20764.801928
0.580000 -20765.629928
0.580200 -20766.379928
0.580400 -20766.756928
0.580600 -20767.051928
0.580800 -20768.141928
0.581000 -20769.219928
0.581200 -20768.787928
0.581400 -20768.586928
0.581600 -20766.957928
0.581800 -20766.135928
0.582000 -20766.793928
0.582200 -20767.816928
0.582400 -20768.762928
0.582600 -20768.051928
0.582800 -20767.340928
0.583000 -20767.746928
0.583200 -20768.645928
0.583400 -20769.559928
0.583600 -20769.559928
0.583800 -20769.613928
0.584000 -20770.691929
0.584200 -20770.184928
0.584400 -20768.547928
0.584600 -20768.820928
0.584800 -20769.320928
0.585000 -20768.277928
0.585200 -20766.891928
0.585400 -20765.982928
0.585600 -20766.174928
0.585800 -20767.619928
0.586000 -20768.539928
0.586200 -20768.574928
0.586400 -20767.975928
0.586600 -20767.016928
0.586800 -20767.326928
0.587000 -20767.426928
0.587200 -20766.939928
0.587400 -20767.016928
0.587600 -20767.355928
0.587800 -20768.133928
0.588000 -20769.035928
0.588200 -20768.748928
0.588400 -20767.863928
0.588600 -20768.547928
0.588800 -20768.770928
0.589000 -20768.211928
0.589200 -20766.730928
0.589400 -20765.230928
0.589600 -20765.754928
0.589800 -20767.686928
0.590000 -20767.254928
0.590200 -20765.824928
0.590400 -20763.973928
0.590600 -20762.350928
0.590800 -20762.754928
0.591000 -20762.314928
0.591200 -20762.164928
0.591400 -20763.965928
0.591600 -20765.938928
0.591800 -20766.391928
0.592000 -20765.818928
0.592200 -20767.816928
0.592400 -20768.770928
0.592600 -20768.303928
0.592800 -20768.891928
0.593000 -20770.955929
0.593200 -20772.027929
0.593400 -20771.416929
0.593600 -20771.371929
0.593800 -20770.299929
0.594000 -20768.318928
0.594200 -20767.730928
0.594400 -20765.604928
0.594600 -20764.621928
0.594800 -20765.670928
0.595000 -20766.000928
0.595200 -20766.484928
0.595400 -20766.365928
0.595600 -20765.123928
0.595800 -20763.457928
0.596000 -20763.021928
0.596200 -20764.074928
0.596400 -20764.359928
0.596600 -20764.070928
0.596800 -20764.375928
0.597000 -20765.621928
0.597200 -20766.145928
0.597400 -20765.604928
0.597600 -20764.572928
0.597800 -20764.738928
0.598000 -20766.850928
0.598200 -20767.691928
0.598400 -20767.467928
0.598600 -20767.855928
0.598800 -20768.402928
0.599000 -20769.658928
0.599200 -20770.309929
0.599400 -20768.477928
0.599600 -20767.244928
0.599800 -20767.049928
0.600000 -20768.051928
0.600200 -20768.541928
0.600400 -20767.277928
0.600600 -20766.385928
0.600800 -20765.543928
0.601000 -20764.506928
0.601200 -20763.229928
0.601400 -20762.119928
0.601600 -20763.080928
0.601800 -20765.242928
0.602000 -20765.877928
0.602200 -20765.135928
0.602400 -20765.012928
0.602600 -20766.271928
0.602800 -20768.250928
0.603000 -20766.328928
0.603200 -20765.809928
0.603400 -20767.523928
0.603600 -20766.500928
0.603800 -20766.760928
0.604000 -20767.018928
0.604200 -20766.162928
0.604400 -20767.391928
0.604600 -20768.707928
0.604800 -20766.824928
0.605000 -20764.557928
0.605200 -20764.365928
0.605400 -20765.412928
0.605600 -20765.646928
0.605800 -20765.465928
0.606000 -20765.400928
0.606200 -20764.066928
0.606400 -20763.043928
0.606600 -20763.168928
0.606800 -20762.020928
0.607000 -20761.080928
0.607200 -20763.004928
0.607400 -20766.150928
0.607600 -20767.063928
0.607800 -20767.000928
0.608000 -20765.715928
0.608200 -20765.648928
0.608400 -20766.770928
0.608600 -20767.240928
0.608800 -20766.891928
0.609000 -20765.949928
0.609200 -20765.371928
0.609400 -20764.801928
0.609600 -20764.271928
0.609800 -20763.537928
0.610000 -20764.643928
0.610200 -20764.824928
0.610400 -20764.762928
0.610600 -20764.717928
0.610800 -20763.898928
0.611000 -20764.598928
0.611200 -20765.043928
0.611400 -20762.941928
0.611600 -20761.125928
0.611800 -20760.207928
0.612000 -20761.305928
0.612200 -20763.678928
0.612400 -20763.707928
0.612600 -20761.914928
0.612800 -20761.363928
0.613000 -20762.527928
0.613200 -20763.863928
0.613400 -20763.846928
0.613600 -20763.520928
0.613800 -20764.330928
0.614000 -20765.938928
0.614200 -20766.387928
0.614400 -20765.621928
0.614600 -20764.982928
0.614800 -20765.652928
0.615000 -20766.814928
0.615200 -20766.891928
0.615400 -20765.936928
0.615600 -20765.121928
0.615800 -20764.658928
0.616000 -20765.146928
0.616200 -20765.160928
0.616400 -20764.230928
0.616600 -20763.836928
0.616800 -20763.262928
0.617000 -20762.762928
0.617200 -20762.432928
0.617400 -20761.973928
0.617600 -20762.438928
0.617800 -20762.027928
0.618000 -20761.174928
0.618200 -20761.158928
0.618400 -20761.992928
0.618600 -20761.688928
0.618800 -20761.678928
0.619000 -20761.441928
0.619200 -20760.395928
0.619400 -20760.168928
0.619600 -20761.645928
0.619800 -20761.973928
0.620000 -20761.299928
0.620200 -20761.191928
0.620400 -20761.434928
0.620600 -20761.367928
0.620800 -20760.137928
0.621000 -20759.789928
0.621200 -20759.014928
0.621400 -20759.348928
0.621600 -20761.020928
0.621800 -20761.662928
0.622000 -20761.203928
0.622200 -20761.789928
0.622400 -20763.682928
0.622600 -20763.789928
0.622800 -20762.244928
0.623000 -20760.652928
0.623200 -20760.516928
0.623400 -20762.477928
0.623600 -20762.764928
0.623800 -20761.260928
0.624000 -20760.406928
0.624200 -20760.359928
0.624400 -20760.670928
0.624600 -20761.855928
0.624800 -20760.162928
0.625000 -20760.432928
0.625200 -20762.010928
0.625400 -20762.010928
0.625600 -20762.010928
0.625800 -20762.035928
0.626000 -20762.506928
0.626200 -20762.158928
0.626400 -20760.139928
0.626600 -20759.941928
0.626800 -20760.748928
0.627000 -20761.086928
0.627200 -20760.566928
0.627400 -20759.852928
0.627600 -20758.990928
0.627800 -20758.824928
0.628000 -20759.025928
0.628200 -20758.273928
0.628400 -20757.928928
0.628600 -20759.332928
0.628800 -20759.527928
0.629000 -20759.824928
0.629200 -20760.777928
0.629400 -20759.252928
0.629600 -20757.918928
0.629800 -20756.848928
0.630000 -20757.299928
0.630200 -20758.850928
0.630400 -20758.379928
0.630600 -20757.582928
0.630800 -20758.574928
0.631000 -20760.105928
0.631200 -20760.377928
0.631400 -20759.816928
0.631600 -20760.734928
0.631800 -20762.012928
0.632000 -20762.070928
0.632200 -20761.957928
0.632400 -20760.979928
0.632600 -20760.820928
0.632800 -20760.139928
0.633000 -20759.924928
0.633200 -20760.396928
0.633400 -20760.150928
0.633600 -20760.105928
0.633800 -20760.465928
0.634000 -20761.473928
0.634200 -20760.877928
0.634400 -20758.924928
0.634600 -20759.859928
0.634800 -20760.289928
0.635000 -20759.201928
0.635200 -20758.145928
0.635400 -20757.658928
0.635600 -20757.604928
0.635800 -20756.551928
0.636000 -20755.066928
0.636200 -20754.551928
0.636400 -20755.152928
0.636600 -20757.209928
0.636800 -20757.059928
0.637000 -20754.377928
0.637200 -20754.225928
0.637400 -20756.957928
0.637600 -20759.207928
0.637800 -20758.291928
0.638000 -20758.236928
0.638200 -20759.406928
0.638400 -20759.723928
0.638600 -20758.859928
0.638800 -20758.594928
0.639000 -20758.170928
0.639200 -20758.242928
0.639400 -20759.559928
0.639600 -20760.371928
0.639800 -20760.850928
0.640000 -20760.736928
0.640200 -20760.801928
0.640400 -20759.641928
0.640600 -20757.156928
0.640800 -20755.043928
0.641000 -20754.160928
0.641200 -20755.715928
0.641400 -20757.500928
0.641600 -20756.922928
0.641800 -20756.375928
0.642000 -20756.332928
0.642200 -20756.617928
0.642400 -20756.303928
0.642600 -20756.199928
0.642800 -20757.529928
0.643000 -20757.486928
0.643200 -20756.699928
0.643400 -20756.713928
0.643600 -20756.939928
0.643800 -20756.713928
0.644000 -20757.012928
0.644200 -20758.041928
0.644400 -20757.926928
0.644600 -20755.793928
0.644800 -20754.670928
0.645000 -20757.318928
0.645200 -20759.258928
0.645400 -20759.137928
0.645600 -20756.822928
0.645800 -20754.477928
0.646000 -20753.707928
0.646200 -20754.027928
0.646400 -20754.369928
0.646600 -20755.010928
0.646800 -20754.572928
0.647000 -20754.383928
0.647200 -20755.293928
0.647400 -20755.355928
0.647600 -20755.434928
0.647800 -20756.809928
0.648000 -20756.457928
0.648200 -20755.617928
0.648400 -20755.770928
0.648600 -20756.324928
0.648800 -20756.473928
0.649000 -20755.879928
0.649200 -20756.133928
0.649400 -20756.262928
0.649600 -20755.381928
0.649800 -20755.879928
0.650000 -20756.113928
0.650200 -20755.930928
0.650400 -20755.941928
0.650600 -20756.184928
0.650800 -20757.230928
0.651000 -20756.402928
0.651200 -20754.521928
0.651400 -20753.441928
0.651600 -20753.645928
0.651800 -20755.023928
0.652000 -20754.809928
0.652200 -20754.238928
0.652400 -20754.842928
0.652600 -20754.797928
0.652800 -20754.004928
0.653000 -20753.949928
0.653200 -20755.141928
0.653400 -20755.883928
0.653600 -20756.213928
0.653800 -20756.689928
0.654000 -20756.506928
0.654200 -20756.543928
0.654400 -20757.166928
0.654600 -20756.281928
0.654800 -20754.559928
0.655000 -20754.145928
0.655200 -20755.406928
0.655400 -20756.289928
0.655600 -20755.869928
0.655800 -20756.012928
0.656000 -20757.438928
0.656200 -20756.879928
0.656400 -20755.564928
0.656600 -20754.738928
0.656800 -20754.070928
0.657000 -20754.100928
0.657200 -20755.623928
0.657400 -20755.855928
0.657600 -20755.709928
0.657800 -20756.316928
0.658000 -20756.344928
0.658200 -20755.713928
0.658400 -20755.316928
0.658600 -20755.691928
0.658800 -20754.879928
0.659000 -20754.434928
0.659200 -20755.141928
0.659400 -20755.795928
0.659600 -20754.496928
0.659800 -20753.018928
0.660000 -20753.598928
0.660200 -20754.160928
0.660400 -20753.441928
0.660600 -20753.609928
0.660800 -20754.443928
0.661000 -20755.340928
0.661200 -20756.117928
0.661400 -20754.783928
0.661600 -20752.670928
0.661800 -20752.824928
0.662000 -20754.404928
0.662200 -20754.600928
0.662400 -20754.854928
0.662600 -20755.051928
0.662800 -20755.424928
0.663000 -20756.609928
0.663200 -20756.117928
0.663400 -20754.859928
0.663600 -20754.088928
0.663800 -20754.414928
0.664000 -20755.865928
0.664200 -20755.824928
0.664400 -20755.168928
0.664600 -20756.395928
0.664800 -20756.641928
0.665000 -20755.564928
0.665200 -20754.807928
0.665400 -20755.322928
0.665600 -20755.834928
0.665800 -20755.225928
0.666000 -20754.027928
0.666200 -20753.230928
0.666400 -20753.113928
0.666600 -20754.234928
0.666800 -20754.684928
0.667000 -20752.986928
0.667200 -20751.973928
0.667400 -20753.334928
0.667600 -20754.902928
0.667800 -20754.842928
0.668000 -20754.893928
0.668200 -20755.748928
0.668400 -20755.926928
0.668600 -20755.857928
0.668800 -20755.734928
0.669000 -20755.656928
0.669200 -20755.330928
0.669400 -20754.840928
0.669600 -20753.635928
0.669800 -20752.652928
0.670000 -20752.457928
0.670200 -20753.285928
0.670400 -20753.982928
0.670600 -20753.568928
0.670800 -20754.777928
0.671000 -20754.754928
0.671200 -20754.340928
0.671400 -20754.543928
0.671600 -20754.824928
0.671800 -20753.420928
0.672000 -20753.246928
0.672200 -20754.395928
0.672400 -20754.320928
0.672600 -20752.986928
0.672800 -20752.027928
0.673000 -20754.309928
0.673200 -20756.113928
0.673400 -20755.836928
0.673600 -20754.135928
0.673800 -20753.045928
0.674000 -20754.070928
0.674200 -20753.969928
0.674400 -20753.203928
0.674600 -20752.578928
0.674800 -20753.328928
0.675000 -20754.777928
0.675200 -20754.719928
0.675400 -20753.654928
0.675600 -20753.051928
0.675800 -20753.072928
0.676000 -20753.467928
0.676200 -20753.957928
0.676400 -20752.980928
0.676600 -20751.799928
0.676800 -20751.223928
0.677000 -20751.656928
0.677200 -20751.895928
0.677400 -20751.828928
0.677600 -20751.754928
0.677800 -20752.553928
0.678000 -20752.742928
0.678200 -20751.791928
0.678400 -20751.059928
0.678600 -20750.932928
0.678800 -20751.902928
0.679000 -20753.074928
0.679200 -20753.502928
0.679400 -20753.557928
0.679600 -20753.414928
0.679800 -20752.980928
0.680000 -20751.824928
0.680200 -20751.678928
0.680400 -20752.291928
0.680600 -20752.379928
0.680800 -20751.834928
0.681000 -20751.799928
0.681200 -20751.129928
0.681400 -20750.070928
0.681600 -20750.545928
0.681800 -20751.451928
0.682000 -20751.387928
0.682200 -20750.254928
0.682400 -20749.602928
0.682600 -20750.857928
0.682800 -20752.645928
0.683000 -20752.246928
0.683200 -20751.672928
0.683400 -20752.184928
0.683600 -20752.637928
0.683800 -20752.102928
0.684000 -20751.156928
0.684200 -20750.494928
0.684400 -20750.576928
0.684600 -20750.887928
0.684800 -20749.922928
0.685000 -20748.018928
0.685200 -20749.492928
0.685400 -20750.979928
0.685600 -20751.609928
0.685800 -20750.965928
0.686000 -20749.275928
0.686200 -20749.309928
0.686400 -20749.893928
0.686600 -20750.520928
0.686800 -20749.887928
0.687000 -20749.506928
0.687200 -20751.301928
0.687400 -20752.988928
0.687600 -20751.844928
0.687800 -20749.844928
0.688000 -20749.697928
0.688200 -20749.246928
0.688400 -20748.855928
0.688600 -20750.342928
0.688800 -20751.082928
0.689000 -20751.346928
0.689200 -20751.732928
0.689400 -20752.141928
0.689600 -20751.869928
0.689800 -20751.459928
0.690000 -20752.621928
0.690200 -20751.723928
0.690400 -20749.865928
0.690600 -20750.145928
0.690800 -20750.682928
0.691000 -20749.547928
0.691200 -20748.689928
0.691400 -20747.432927
0.691600 -20746.619927
0.691800 -20747.139927
0.692000 -20747.781927
0.692200 -20748.459928
0.692400 -20748.691928
0.692600 -20748.621928
0.692800 -20749.395928
0.693000 -20749.246928
0.693200 -20748.764928
0.693400 -20748.707928
0.693600 -20747.777927
0.693800 -20747.406927
0.694000 -20748.260928
0.694200 -20749.441928
0.694400 -20750.043928
0.694600 -20750.025928
0.694800 -20749.693928
0.695000 -20749.262928
0.695200 -20750.080928
0.695400 -20749.504928
0.695600 -20748.070928
0.695800 -20749.275928
0.696000 -20749.227928
0.696200 -20748.443928
0.696400 -20748.471928
0.696600 -20748.891928
0.696800 -20748.838928
0.697000 -20747.957928
0.697200 -20747.314927
0.697400 -20746.730927
0.697600 -20748.049928
0.697800 -20748.912928
0.698000 -20749.340928
0.698200 -20750.402928
0.698400 -20751.051928
0.698600 -20750.662928
0.698800 -20749.199928
0.699000 -20747.977928
0.699200 -20747.676927
0.699400 -20747.676927
0.699600 -20747.633927
0.699800 -20746.891927
0.700000 -20745.594927
0.700200 -20745.041927
0.700400 -20744.855927
0.700600 -20744.875927
0.700800 -20746.059927
0.701000 -20745.740927
0.701200 -20745.539927
0.701400 -20746.104927
0.701600 -20745.432927
0.701800 -20744.455927
0.702000 -20746.123927
0.702200 -20746.813927
0.702400 -20746.371927
0.702600 -20747.012927
0.702800 -20747.561927
0.703000 -20745.725927
0.703200 -20745.313927
0.703400 -20746.473927
0.703600 -20747.648927
0.703800 -20747.160927
0.704000 -20746.027927
0.704200 -20745.260927
0.704400 -20745.463927
0.704600 -20744.801927
0.704800 -20743.861927
0.705000 -20743.293927
0.705200 -20743.863927
0.705400 -20745.205927
0.705600 -20744.645927
0.705800 -20745.391927
0.706000 -20747.676927
0.706200 -20747.547927
0.706400 -20745.432927
0.706600 -20744.402927
0.706800 -20745.324927
0.707000 -20746.588927
0.707200 -20746.480927
0.707400 -20744.730927
0.707600 -20743.826927
0.707800 -20745.648927
0.708000 -20745.895927
0.708200 -20745.033927
0.708400 -20744.721927
0.708600 -20744.588927
0.708800 -20745.309927
0.709000 -20745.281927
0.709200 -20744.875927
0.709400 -20745.127927
0.709600 -20745.357927
0.709800 -20746.160927
0.710000 -20746.402927
0.710200 -20745.500927
0.710400 -20745.535927
0.710600 -20746.059927
0.710800 -20745.701927
0.711000 -20744.816927
0.711200 -20744.195927
0.711400 -20744.793927
0.711600 -20744.738927
0.711800 -20744.914927
0.712000 -20745.748927
0.712200 -20745.582927
0.712400 -20744.844927
0.712600 -20744.662927
0.712800 -20745.629927
0.713000 -20746.713927
0.713200 -20747.656927
0.713400 -20747.340927
0.713600 -20747.063927
0.713800 -20746.387927
0.714000 -20745.150927
0.714200 -20743.760927
0.714400 -20744.584927
0.714600 -20745.260927
0.714800 -20745.500927
0.715000 -20745.500927
0.715200 -20745.586927
0.715400 -20746.857927
0.715600 -20746.004927
0.715800 -20744.793927
0.716000 -20743.723927
0.716200 -20742.973927
0.716400 -20743.449927
0.716600 -20743.441927
0.716800 -20744.189927
0.717000 -20743.680927
0.717200 -20743.328927
0.717400 -20744.340927
0.717600 -20744.217927
0.717800 -20744.109927
0.718000 -20743.396927
0.718200 -20743.590927
0.718400 -20744.723927
0.718600 -20744.553927
0.718800 -20743.748927
0.719000 -20743.436927
0.719200 -20744.199927
0.719400 -20744.820927
0.719600 -20744.240927
0.719800 -20744.615927
0.720000 -20745.756927
